-1,1,-0.869774,-0.517857,-1,-0.0769231,-0.25,-0.997193,-1,-1,-1,-1,0,-0.86,-1
-1,1,-0.182857,-0.940357,0,-1,-1,-1,1,-1,-1,-1,0,-0.87,-0.99998
-1,1,-0.328421,-0.818571,0,-1,-1,-1,-1,-1,-1,-1,0,-1,-0.98
-1,1,-0.867068,-0.824286,0,0.0769231,0.5,-0.932632,-1,1,-0.940299,1,0,-0.84,-0.98826
-1,1,-0.854737,-0.592143,0,-0.846154,-0.25,-0.962105,-1,-1,-1,-1,0,-0.88,-1
-1,-1,-0.729323,-0.559643,0,-0.230769,-0.25,-0.988421,-1,-1,-1,-1,0,-0.78,-0.98
-1,1,-0.285714,-0.940357,0,0.384615,-0.25,-0.997193,-1,-1,-1,-1,0,-0.88,-0.9999
-1,-1,-0.163007,-0.925714,0,-0.230769,-0.25,-0.953333,-1,-1,-1,-1,0,-0.76,-0.99526
-1,-1,-0.41594,-0.839286,-1,0.846154,-0.25,-0.754386,-1,-1,-1,1,0,-0.8,-0.99718
-1,1,-0.403609,-0.976071,-1,0.846154,-0.25,-0.994035,-1,-1,-1,-1,0,-0.82,-1
-1,-1,-0.142857,-0.875,-1,0.0769231,-0.25,-1,-1,-1,-1,1,0,-0.85,-0.99998
-1,1,-0.89985,-0.993929,-1,0.0769231,-0.25,-0.997193,-1,-1,-1,-1,0,-0.86,-0.98556
-1,-1,-0.651729,-0.851071,0,0.0769231,0.75,-0.807018,1,-1,-1,1,0,-0.64,-0.99998
-1,1,-0.847218,-0.747143,-1,-1,-1,-1,-1,-1,-1,1,0,-0.82,-0.99998
-1,1,-0.576541,-0.928571,-1,-0.846154,0.75,-0.789474,-1,-1,-1,-1,0,-0.824,-0.98926
-1,-1,-0.789474,-0.318571,0,-0.692308,-0.25,-0.997193,-1,-1,-1,-1,0,-0.8,-0.98
-1,-1,-0.892331,-0.321429,0,-0.230769,-0.25,-0.877193,-1,1,-0.701493,1,0,-1,-0.9998
-1,-1,-0.744361,-0.910714,-1,-1,-1,-0.77193,-1,-1,-1,-1,0,-0.72,-1
-1,1,-0.325714,-0.607143,0,-0.692308,0,-0.649123,-1,-1,-1,-1,0,-0.79,-0.98626
-1,-1,-0.366015,-0.910714,-1,-0.692308,0.75,-0.964912,-1,-1,-1,1,0,-0.84,-1
-1,1,-0.776842,-1,0,0.0769231,-0.25,-0.964912,-1,-1,-1,1,-1,-1,-1
-1,1,-0.12782,-0.785714,0,-0.692308,0,-0.929825,1,-1,-1,-1,0,-1,-0.996
-1,-1,-0.308271,-0.663571,0,-1,-1,-1,-1,-1,-1,-1,0,-0.84,-1
-1,1,-0.799398,-0.9225,0,0.538462,-0.25,-0.894737,-1,-1,-1,-1,0,-0.892,-0.99986
-1,1,-0.501353,-0.964286,0,-0.846154,0.75,-0.994035,-1,-1,-1,1,-1,-0.748,-1
-1,1,-0.46406,-0.973214,0,-0.846154,-0.25,-0.938596,1,-1,-1,1,-1,-0.072,-1
-1,-1,-0.787068,-0.392857,0,0.0769231,-0.25,-0.988421,-1,-1,-1,-1,0,-1,-0.99298
-1,1,-0.694135,-0.958214,-1,0.846154,0.75,-0.991228,-1,-1,-1,-1,0,-0.76,-0.99998
-1,1,-0.0652631,-0.5,-1,0.0769231,-0.25,-0.885965,-1,-1,-1,-1,0,-0.84,-0.99996
-1,-1,-0.731729,-0.943571,0,-0.692308,-0.25,-0.994035,-1,-1,-1,-1,0,-0.856,-1
-1,-1,-0.932331,-0.988214,0,-0.230769,-0.25,-0.929825,-1,1,-0.940299,1,0,-0.68,-0.99998
-1,1,0.348271,-0.806429,0,0.0769231,-0.25,-0.830526,-1,-1,-1,1,0,-0.68,-1
-1,-1,-0.503759,-0.607143,0,-0.538462,-0.25,-0.614035,-1,-1,-1,1,-1,-0.9,-1
-1,1,-0.366015,-0.821429,-1,0.230769,-0.25,-0.789474,-1,-1,-1,-1,-1,-0.8,-1
-1,1,-0.285714,-0.875,-1,0.0769231,0,-0.982456,1,-1,-1,1,0,-0.836,-0.992
-1,1,-0.581353,-0.946429,0,0.538462,0.75,-0.988421,-1,-1,-1,1,0,-0.78,-0.99498
-1,1,-0.719398,-1,0,-0.538462,-0.25,-0.929825,-1,1,-0.671642,-1,-1,-1,-1
-1,1,-0.81203,-1,0,-0.846154,-0.25,-0.964912,-1,-1,-1,-1,0,-0.856,-1
-1,1,-0.46406,-0.997143,-1,-0.846154,-0.25,-0.701754,-1,-1,-1,1,0,-0.54,-1
-1,1,-0.874586,-0.985357,0,-0.230769,-0.25,-0.997193,-1,-1,-1,-1,0,-0.72,-0.985
-1,1,-0.731729,-0.946429,0,-0.692308,-0.25,-0.888772,-1,1,-0.970149,1,0,-0.6,-0.99982
-1,1,-0.809624,-0.982143,0,0.538462,-0.25,-0.991228,-1,-1,-1,-1,0,-0.8,-1
-1,1,-0.115188,-0.839286,0,-0.692308,0,-0.947368,1,-1,-1,-1,0,-0.44,-1
-1,-1,-0.824662,-0.9525,0,0.230769,-0.25,-0.883158,-1,-1,-1,-1,0,-0.78,-0.9999
-1,-1,-0.736842,-0.214286,-1,0.538462,-0.25,-0.789474,1,-1,-1,1,0,-0.732,-1
-1,-1,-0.864662,-0.285714,0,0.230769,-0.25,-0.929825,-1,1,-0.970149,-1,0,-0.88,-0.99998
-1,-1,-0.458647,-0.785714,-1,-0.384615,-0.5,-1,-1,-1,-1,-1,0,-0.84,-0.9996
-1,1,-0.290827,-0.809643,0,0.846154,-0.25,-0.988421,-1,-1,-1,1,0,-1,-0.98998
-1,1,-0.243008,-0.875,0,-0.538462,-0.25,-0.964912,-1,-1,-1,1,0,-0.7,-0.99996
-1,1,-0.636692,-0.0832143,0,0.846154,-0.25,-0.964912,-1,-1,-1,-1,0,-1,-0.99996
-1,1,-0.12782,-0.708214,0,-0.230769,-0.25,-0.997193,-1,-1,-1,-1,0,-0.892,-0.998
-1,1,-0.736842,-0.991071,-1,-0.538462,-0.25,-0.991228,-1,-1,-1,-1,0,-0.8,-0.9986
-1,-1,0.295639,-0.696429,-1,-1,-1,-0.649123,-1,-1,-1,1,0,-1,-0.99992
-1,1,-0.641504,-0.979286,-1,0.0769231,-0.25,-0.894737,-1,-1,-1,1,0,-0.84,-1
-1,-1,-0.518797,-0.9525,0,0.230769,-0.25,-0.982456,-1,-1,-1,1,0,-0.7,-1
-1,-1,-0.704361,-0.958214,-1,-1,-1,-0.991228,-1,-1,-1,-1,0,-0.88,-0.99826
-1,-1,-0.66406,-0.910714,0,-1,-1,-1,1,-1,-1,-1,0,-0.92,-1
-1,1,-0.212932,-0.642857,0,-0.692308,0,-0.985263,-1,-1,-1,-1,0,-0.45,-1
-1,1,-0.473684,-0.7975,0,-1,-1,-1,-1,1,-0.850746,-1,0,-0.824,-0.99708
-1,1,-0.438496,-0.845357,-1,-0.538462,-1,-1,-1,-1,-1,-1,0,-0.88,-1
-1,1,-0.922406,-0.803571,0,-0.230769,-0.25,-0.953333,-1,1,-0.970149,-1,0,-0.92,-0.99958
-1,1,-0.578947,-0.907857,0,-0.538462,0.75,-0.982456,-1,-1,-1,1,-1,-0.86,-1
-1,1,-0.79188,-0.940357,-1,0.0769231,-0.25,-0.859649,-1,-1,-1,1,-1,-0.76,-1
-1,1,-0.766917,-0.303571,0,0.0769231,-0.25,-0.982456,1,-1,-1,-1,0,-0.86,-1
-1,1,-0.621654,-0.0714286,0,0.384615,-0.75,-1,-1,-1,-1,1,0,-0.86,-0.9778
-1,-1,-0.566316,-0.958214,0,-0.230769,-0.25,-0.997193,-1,-1,-1,-1,0,-0.74,-0.97992
-1,1,-0.704361,-0.872143,0,0.0769231,-0.25,-0.962105,-1,-1,-1,1,0,-0.864,-0.99998
-1,-1,-0.809624,-0.910714,0,0.0769231,-0.25,-1,-1,-1,-1,-1,0,-1,-1
-1,1,0.145263,-0.785714,-1,-1,-1,-0.894737,-1,-1,-1,-1,0,-0.82,-0.99992
-1,1,-0.548872,-0.892857,-1,0.0769231,-0.25,-0.894737,1,-1,-1,1,0,-1,-0.9955
-1,1,-0.656541,-0.785714,0,0.0769231,-0.25,-0.912281,-1,1,-0.970149,-1,0,-1,-0.99956
-1,1,-0.641504,-0.842143,-1,-0.230769,-0.25,-0.719298,1,-1,-1,-1,0,-0.812,-1
-1,-1,-0.759398,-0.160714,0,0.0769231,-0.25,-0.982456,-1,-1,-1,1,0,-0.82,-1
-1,1,-0.721805,-0.946429,0,-0.0769231,-0.25,-0.964912,-1,-1,-1,1,-1,-0.68,-1
-1,-1,-0.35579,-0.732143,0,-1,-1,-1,-1,1,-0.820896,-1,0,-1,-0.996
-1,1,-0.744361,-0.967143,0,-0.538462,-0.25,-0.991228,-1,-1,-1,1,0,-0.72,-0.9989
