-1,1,-0.578947,-0.907857,0,-0.538462,0.75,-0.982456,-1,-1,-1,1,-1,-0.86,-1
-1,1,-0.370827,-0.922857,0,-0.0769231,-0.25,-0.918246,-1,-1,-1,-1,-1,-0.972,-1
-1,1,-0.704361,-0.872143,0,0.0769231,-0.25,-0.962105,-1,-1,-1,1,0,-0.864,-0.99998
-1,-1,-0.874586,-0.961429,0,0.0769231,-0.25,-0.877193,-1,1,-0.970149,1,0,-0.92,-0.9999
-1,1,-0.581353,-0.946429,0,0.538462,0.75,-0.988421,-1,-1,-1,1,0,-0.78,-0.99498
-1,1,-0.315789,-0.696429,0,0.538462,-0.25,-0.754386,-1,-1,-1,-1,0,-0.546,-0.999
-1,-1,-0.809624,-0.910714,0,0.0769231,-0.25,-1,-1,-1,-1,-1,0,-1,-1
-1,-1,-0.591579,-0.881071,0,-1,-1,-1,-1,-1,-1,-1,0,-0.66,-0.99998
-1,1,-0.924812,-1,-1,-0.230769,-0.25,-0.982456,-1,-1,-1,-1,0,-0.94,-1
-1,1,-0.704361,-0.940357,0,-0.692308,0.75,-0.994035,-1,-1,-1,1,0,-0.78,-0.9999
-1,1,-0.724211,-0.773929,-1,0.0769231,-0.25,-0.988421,-1,-1,-1,-1,0,-0.84,-0.97884
-1,-1,-0.759398,-0.875,-1,-0.384615,-0.5,-1,-1,-1,-1,-1,0,-0.84,-1
-1,1,-0.478797,-0.779643,0,0.0769231,-0.25,-0.824561,-1,1,-0.940299,1,0,-0.84,-0.99918
-1,1,-0.571429,-0.785714,0,0.230769,-0.25,-0.947368,-1,-1,-1,1,0,-0.7,-0.99866
-1,1,-0.46406,-0.955357,0,-0.538462,-0.25,-0.982456,-1,-1,-1,-1,0,-0.62,-0.9598
-1,1,-0.478797,-0.892857,-1,0.230769,-0.25,-0.997193,-1,-1,-1,-1,-1,-0.84,-1
-1,1,-0.736842,-0.178571,-1,-0.0769231,-0.25,-0.894737,-1,-1,-1,1,0,-1,-0.92
-1,-1,-0.731729,-0.976071,0,0.538462,-0.25,-0.947368,-1,-1,-1,-1,-1,-0.84,-1
-1,-1,-0.58406,-0.785714,0,-0.0769231,-0.25,-0.804211,-1,1,-0.970149,1,0,-0.72,-0.9998
-1,1,0.491128,-0.961429,0,0.0769231,-0.25,-0.958947,1,1,-0.910448,1,0,-0.82,-1
-1,1,-0.225564,-0.883929,0,0.0769231,-0.25,-0.894737,-1,-1,-1,-1,0,-1,-0.99368
-1,1,-0.325714,-0.607143,0,-0.692308,0,-0.649123,-1,-1,-1,-1,0,-0.79,-0.98626
-1,1,-0.829474,-0.892857,-1,0.846154,-0.25,-0.859649,1,-1,-1,1,0,-0.9,-0.9996
-1,1,-0.674286,-0.0357143,-1,-1,-1,-1,-1,-1,-1,-1,0,-0.816,-1
-1,1,-0.235489,-0.821429,-1,-0.692308,0.75,-0.298246,-1,-1,-1,1,-1,-0.8,-1
-1,-1,-0.937444,-0.455357,0,0.538462,-0.25,-0.991228,-1,1,-0.970149,1,0,-1,-0.9968
-1,-1,-0.704361,-0.958214,-1,-1,-1,-0.991228,-1,-1,-1,-1,0,-0.88,-0.99826
-1,-1,-0.721805,-0.868929,0,-0.384615,-0.5,-1,-1,1,-0.970149,-1,0,-0.8,-0.99894
-1,1,-0.641504,-0.842143,-1,-0.230769,-0.25,-0.719298,1,-1,-1,-1,0,-0.812,-1
-1,1,-0.769323,-0.946429,-1,0.692308,0.5,-0.947368,-1,-1,-1,1,0,-0.868,-0.99996
-1,1,-0.548872,-0.916786,0,-0.538462,-0.25,-0.964912,1,-1,-1,-1,-1,-0.72,-1
-1,-1,-0.626466,-0.857143,0,-0.384615,-0.5,-1,-1,-1,-1,1,0,-0.724,-0.99998
-1,1,-0.75188,-0.943571,0,0.230769,-0.25,-0.979649,-1,1,-0.970149,-1,0,-0.58,-0.99434
-1,1,-0.746767,-0.133929,0,0.0769231,-0.25,-0.765965,-1,1,-0.940299,1,0,-0.82,-0.99654
-1,1,-0.285714,-0.940357,0,0.384615,-0.25,-0.997193,-1,-1,-1,-1,0,-0.88,-0.9999
-1,1,-0.674286,-0.107143,0,0.230769,-0.25,-0.938596,1,-1,-1,1,0,-0.74,-1
-1,1,-0.328421,-0.818571,0,-1,-1,-1,-1,-1,-1,-1,0,-1,-0.98
-1,-1,-0.676692,-0.925714,-1,-1,-1,-0.964912,1,1,-0.910448,-1,0,-0.82,-0.99706
-1,1,-0.493835,-0.806429,-1,-0.0769231,-0.25,-0.991228,-1,-1,-1,1,-1,-0.92,-1
-1,1,-0.421053,-0.821429,-1,0.230769,-0.25,-0.508772,-1,-1,-1,1,0,-0.72,-1
-1,1,-0.764511,-0.943571,-1,0.846154,-0.25,-0.953333,-1,-1,-1,-1,0,-0.84,-1
-1,1,-0.869774,-0.517857,-1,-0.0769231,-0.25,-0.997193,-1,-1,-1,-1,0,-0.86,-1
-1,1,-0.699248,-0.970357,-1,0.0769231,-0.25,-0.997193,-1,1,-0.940299,-1,0,-0.872,-0.99988
-1,-1,-0.699248,-0.949286,0,0.230769,-0.25,-0.982456,-1,1,-0.970149,1,0,-0.76,-0.99992
-1,-1,-0.24812,-0.892857,0,-1,-1,-1,-1,-1,-1,-1,0,-0.924,-1
-1,1,-0.854737,-0.265,0,-1,-1,-0.970877,-1,-1,-1,-1,0,-0.92,-1
-1,1,-0.403609,-0.976071,-1,0.846154,-0.25,-0.994035,-1,-1,-1,-1,0,-0.82,-1
-1,-1,-0.238195,-0.714286,0,0.0769231,-0.25,-0.789474,-1,-1,-1,-1,0,-0.52,-1
-1,1,-0.89985,-0.765,0,-0.692308,-0.25,-0.976491,-1,-1,-1,1,0,-0.86,-0.99996
-1,1,-0.12782,-0.708214,0,-0.230769,-0.25,-0.997193,-1,-1,-1,-1,0,-0.892,-0.998
-1,1,-0.212932,-0.642857,0,-0.692308,0,-0.985263,-1,-1,-1,-1,0,-0.45,-1
-1,-1,-0.824662,-0.9525,0,0.230769,-0.25,-0.883158,-1,-1,-1,-1,0,-0.78,-0.9999
-1,1,-0.626466,-0.940357,0,0.846154,-0.25,-0.918246,-1,-1,-1,-1,0,-0.9,-1
-1,1,0.112782,-0.958214,0,-1,-1,-1,-1,-1,-1,-1,0,-0.855,-1
-1,-1,-0.253233,-0.642857,0,0.846154,-0.25,-0.0526316,1,-1,-1,1,0,-0.02,-1
-1,1,-0.731729,-0.946429,0,-0.692308,-0.25,-0.888772,-1,1,-0.970149,1,0,-0.6,-0.99982
-1,1,-0.491128,-0.821429,0,0.846154,0.75,-0.842105,-1,-1,-1,1,-1,-0.66,-1
-1,-1,0.190376,-0.988214,0,-1,-1,-1,-1,-1,-1,1,-1,-0.938,-0.99946
-1,1,-0.75188,-0.440357,-1,-0.692308,0,-0.988421,-1,-1,-1,1,0,-0.816,-1
-1,1,-0.821955,-0.285714,-1,-0.538462,0.75,-0.941404,1,-1,-1,1,0,-0.86,-1
-1,1,-0.859549,-0.256071,-1,-0.230769,-0.25,-0.991228,1,-1,-1,-1,0,-0.88,-0.9925
-1,-1,-0.836992,-0.613214,0,-0.692308,0.75,-0.979649,-1,-1,-1,-1,0,-0.92,-0.99032
-1,1,-0.398496,-0.803571,0,-0.692308,0,-1,-1,-1,-1,-1,0,-0.82,-1
-1,1,-0.46406,-0.714286,-1,-0.692308,-0.25,-0.994035,-1,-1,-1,1,0,-0.589,-1
-1,1,-0.443609,0,-1,-1,-1,-1,-1,1,-0.940299,-1,0,-0.84,-0.99998
-1,-1,-0.676692,-0.875,-1,0.0769231,-0.25,-0.988421,-1,-1,-1,-1,0,-0.868,-1
-1,1,0.160301,-0.901786,-1,0.0769231,0.75,-0.33614,1,-1,-1,1,0,-0.8,-0.998
-1,1,-0.576541,-0.892857,0,0.230769,-0.25,-0.842105,-1,1,-0.970149,1,0,-0.9,-0.99994
-1,1,-0.836992,-0.714286,-1,-0.692308,-0.25,-0.929825,-1,-1,-1,1,0,-0.64,-0.98
-1,1,-0.438496,-0.845357,-1,-0.538462,-1,-1,-1,-1,-1,-1,0,-0.88,-1
-1,1,-0.79188,-0.970357,0,0.0769231,-0.25,-0.991228,-1,-1,-1,-1,0,-1,-0.99912
-1,1,-0.847218,-0.970357,-1,0.0769231,-0.25,-0.988421,-1,1,-0.970149,-1,0,-0.8,-0.99998
-1,1,-0.827068,-0.979286,0,-0.538462,-0.25,-0.979649,-1,-1,-1,-1,0,-0.72,-0.99272
-1,1,-0.704361,-0.967143,-1,0.230769,-0.25,-0.815789,1,1,-0.820896,1,0,-0.792,-0.99306
-1,-1,-0.724211,-0.910714,0,0.538462,-0.25,-0.982456,-1,-1,-1,1,0,-0.88,-0.98382
-1,1,-0.81203,-0.211071,0,0.0769231,-0.25,-0.859649,-1,-1,-1,1,0,-0.864,-1
-1,1,-0.428571,-0.833214,0,-0.846154,0.75,-0.596491,-1,-1,-1,1,0,-0.708,-1
-1,1,-0.243008,-0.875,0,-0.538462,-0.25,-0.964912,-1,-1,-1,1,0,-0.7,-0.99996
-1,-1,-0.744361,-0.910714,-1,-1,-1,-0.77193,-1,-1,-1,-1,0,-0.72,-1
-1,1,-0.481203,-0.851071,0,0.0769231,-0.25,-0.994035,-1,-1,-1,-1,0,-0.7,-1
-1,-1,-0.789474,-0.318571,0,-0.692308,-0.25,-0.997193,-1,-1,-1,-1,0,-0.8,-0.98
-1,1,-0.343459,-0.946429,0,-0.538462,-0.25,-0.894737,-1,-1,-1,1,0,-0.769,-1
-1,-1,-0.731729,-0.943571,0,-0.692308,-0.25,-0.994035,-1,-1,-1,-1,0,-0.856,-1
-1,-1,-0.666767,-0.678571,0,0.230769,-0.25,-0.929825,-1,-1,-1,1,0,-0.64,-0.99988
-1,1,-0.46406,-0.973214,0,-0.846154,-0.25,-0.938596,1,-1,-1,1,-1,-0.072,-1
-1,1,-0.799398,-0.9225,0,0.538462,-0.25,-0.894737,-1,-1,-1,-1,0,-0.892,-0.99986
-1,1,-0.864662,-0.988214,0,-0.846154,-0.25,-0.982456,-1,-1,-1,1,-1,-0.72,-1
-1,1,-0.400902,-0.910714,0,0.230769,-0.25,-0.918246,-1,-1,-1,-1,0,-0.88,-1
-1,1,-0.706767,-0.773929,-1,-0.538462,-0.25,-0.970877,-1,1,-0.970149,1,0,-0.72,-0.9984
-1,1,-0.528722,-0.910714,0,0.230769,-0.25,-0.877193,-1,-1,-1,-1,0,-0.8,-1
-1,-1,-0.917293,-0.910714,0,0.538462,-0.25,-0.982456,-1,1,-0.970149,-1,0,-0.892,-0.99804
-1,-1,-0.854737,-0.285714,0,-0.846154,-0.25,-0.970877,-1,-1,-1,-1,0,-0.92,-0.99916
-1,-1,0.155489,-1,-1,-1,-1,-1,-1,-1,-1,-1,0,-1,-1
-1,1,-0.390977,-0.636786,-1,-0.692308,0,-0.92386,-1,-1,-1,1,0,-0.52,-1
-1,1,-0.694135,-0.958214,-1,0.846154,0.75,-0.991228,-1,-1,-1,-1,0,-0.76,-0.99998
-1,1,-0.669173,-0.961429,0,-0.0769231,-0.25,-0.929825,-1,-1,-1,1,0,-0.88,-0.99998
-1,-1,-0.649023,-0.919643,0,0.538462,-0.25,-0.909474,1,1,-0.940299,-1,0,-0.8,-1
-1,-1,-0.518797,-0.9525,0,0.230769,-0.25,-0.982456,-1,-1,-1,1,0,-0.7,-1
-1,-1,-0.904662,-0.964286,0,-0.692308,-0.25,-0.988421,-1,1,-0.820896,1,0,-0.76,-0.9993
-1,1,-0.526316,-0.958571,0,0.230769,-0.25,-0.979649,-1,1,-0.970149,-1,0,-0.66,-0.94394
-1,1,-0.719398,-0.821429,0,-1,-1,-0.994035,-1,-1,-1,1,0,-0.9,-0.91584
-1,1,-0.338346,-0.8275,0,0.230769,-0.25,-0.991228,-1,1,-0.940299,-1,0,-0.78,-0.99998
-1,-1,-0.453534,-0.776786,0,-1,-1,-0.786667,-1,1,-0.940299,1,0,-0.8,-0.99992
-1,1,-0.611429,0.0417857,0,-0.692308,0,-1,-1,-1,-1,1,0,-0.822,-1
-1,1,-0.400902,-0.845357,0,0.0769231,-0.25,-0.894737,-1,-1,-1,-1,1,-0.88,-1
-1,-1,-0.553985,-0.747143,0,-0.692308,0,-0.964912,1,-1,-1,1,0,-0.829,-1
-1,1,-0.403609,-0.982143,0,-0.692308,0,-0.719298,-1,-1,-1,1,-1,-0.58,-1
-1,1,-0.809624,-0.982143,0,0.538462,-0.25,-0.991228,-1,-1,-1,-1,0,-0.8,-1
-1,1,-0.438496,-0.785714,0,-0.846154,-0.25,-0.988421,-1,-1,-1,1,0,-0.88,-1
-1,-1,-0.736842,-0.970357,0,-0.692308,-0.25,-0.976491,-1,-1,-1,1,-1,-0.856,-1
-1,-1,-0.35579,-0.732143,0,-1,-1,-1,-1,1,-0.820896,-1,0,-1,-0.996
-1,1,-0.721805,-0.955357,-1,-0.230769,-0.25,-0.991228,1,-1,-1,-1,0,-0.82,-0.99998
-1,-1,-0.731729,-0.5,0,0.0769231,-0.25,-0.988421,-1,-1,-1,-1,0,-0.84,-1
-1,1,-0.60391,-0.839286,0,-0.692308,0,-0.964912,-1,-1,-1,1,0,-0.36,-0.92
-1,-1,-0.46406,-0.196429,0,-1,-1,-1,-1,-1,-1,-1,0,-0.816,-0.896
-1,-1,-0.779549,-0.642857,-1,-1,-1,-1,-1,-1,-1,-1,0,-1,-1
-1,1,-0.52391,-0.660714,0,-0.0769231,-0.25,-0.859649,-1,1,-0.970149,1,0,-0.54,-0.99864
-1,1,-0.576541,-0.928571,-1,-0.846154,0.75,-0.789474,-1,-1,-1,-1,0,-0.824,-0.98926
-1,-1,-0.787068,-0.392857,0,0.0769231,-0.25,-0.988421,-1,-1,-1,-1,0,-1,-0.99298
-1,1,-0.79188,-0.940357,-1,0.0769231,-0.25,-0.859649,-1,-1,-1,1,-1,-0.76,-1
-1,1,-0.468571,0.107143,0,0.0769231,-0.25,-0.964912,1,-1,-1,-1,0,-0.88,-1
-1,1,-0.649023,-0.961429,0,0.230769,-0.25,-0.988421,-1,1,-0.970149,-1,0,-0.728,-0.99112
-1,1,-0.699248,-0.142857,0,0.0769231,-0.25,-0.853684,-1,-1,-1,-1,-1,-0.92,-1
-1,-1,-0.736842,-0.214286,-1,0.538462,-0.25,-0.789474,1,-1,-1,1,0,-0.732,-1
-1,1,-0.689323,-0.9375,0,-0.0769231,-0.25,-0.994035,-1,1,-0.880597,-1,0,-0.746,-0.961
-1,-1,-0.676692,-0.8275,-1,0.0769231,-0.25,-1,-1,-1,-1,-1,0,-0.88,-1
-1,1,-0.366015,-0.821429,-1,0.230769,-0.25,-0.789474,-1,-1,-1,-1,-1,-0.8,-1
-1,1,-0.353383,0.178571,-1,0.0769231,-0.25,-0.719298,1,-1,-1,-1,0,-0.92,-1
-1,-1,0.0351879,-0.904643,0,-0.692308,0.5,-0.976491,-1,-1,-1,-1,0,-1,-0.9976
-1,1,-0.278195,-0.5,0,0.538462,0.75,-0.192982,1,1,-0.791045,1,0,-0.7,-0.9999
-1,1,-0.325714,-0.97,-1,0.230769,-0.25,-0.979649,-1,-1,-1,1,0,-0.691,-0.99996
-1,1,-0.676692,-0.0475,-1,-0.230769,-0.25,-0.997193,-1,-1,-1,1,0,-0.88,-0.9905
-1,-1,-0.163007,-0.925714,0,-0.230769,-0.25,-0.953333,-1,-1,-1,-1,0,-0.76,-0.99526
-1,1,-0.62406,-0.89,0,0.230769,-0.25,-0.991228,-1,-1,-1,-1,0,-0.9,-1
-1,1,-0.258045,-0.949643,0,0.0769231,-0.25,-0.973684,-1,1,-0.940299,-1,0,-0.775,-0.99
-1,1,-0.766917,-0.303571,0,0.0769231,-0.25,-0.982456,1,-1,-1,-1,0,-0.86,-1
-1,1,-0.709173,-0.928571,0,0.0769231,-0.25,-0.964912,-1,-1,-1,1,-1,-0.72,-1
-1,1,-0.904662,-0.976071,-1,-0.538462,-0.25,-0.979649,-1,-1,-1,-1,-1,-0.8,-1
-1,1,-0.721805,-0.946429,0,-0.0769231,-0.25,-0.964912,1,-1,-1,1,-1,-0.68,-1
-1,-1,-0.661654,-0.214286,-1,-0.230769,-0.25,-0.684211,1,-1,-1,-1,0,-0.88,-1
-1,1,-0.746767,-0.958214,-1,-1,-1,-1,-1,-1,-1,-1,0,-0.9,-1
-1,-1,-0.260752,-0.684643,0,0.0769231,-0.25,-0.991228,-1,-1,-1,-1,0,-0.84,-1
-1,1,-0.383459,-0.875,0,0.230769,0,-0.982456,1,-1,-1,1,0,-0.837,-1
-1,1,0.0249625,-0.7025,0,1,0,-0.994035,-1,-1,-1,1,0,-0.48,-1
-1,1,-0.543759,-0.973214,0,0.0769231,-0.25,-0.979649,-1,-1,-1,-1,0,-0.78,-0.9972
-1,-1,-0.754286,-0.166786,0,-0.538462,0.75,-0.994035,-1,-1,-1,-1,0,-0.68,-0.9999
-1,1,-0.776842,-0.9375,-1,0.0769231,0.75,-0.982456,-1,-1,-1,-1,0,-0.72,-0.99592
-1,-1,-0.759398,-0.160714,0,0.0769231,-0.25,-0.982456,-1,-1,-1,1,0,-0.82,-1
-1,-1,-0.824662,-0.9525,-1,0.0769231,-0.25,-0.929825,-1,1,-0.970149,-1,0,1,-0.99996
-1,-1,-0.413534,-0.821429,-1,0.0769231,-0.25,-0.824561,-1,-1,-1,1,0,-1,-0.99996
-1,-1,0.318196,-0.857143,0,-1,-1,-0.54386,-1,1,-0.970149,-1,0,-1,-0.9998
-1,-1,-0.52391,-0.875,-1,-0.538462,-0.25,-0.912281,-1,-1,-1,1,0,-0.72,-1
-1,1,-0.373534,-1,0,0.0769231,-0.25,-1,-1,-1,-1,-1,1,-0.816,-1
-1,1,-0.736842,-0.991071,-1,-0.538462,-0.25,-0.991228,-1,-1,-1,-1,0,-0.8,-0.9986
-1,-1,-0.556391,-0.928571,0,0.538462,-0.25,-0.929825,1,1,-0.940299,1,0,-0.833,-0.99
-1,1,0.00511272,-0.583214,0,0.230769,-0.25,-0.614035,-1,-1,-1,-1,0,-0.535,-0.997
-1,1,-0.957293,-0.5,0,0.384615,-0.25,-0.929825,-1,-1,-1,-1,0,-0.4,-1
-1,1,-0.360902,-0.758929,0,0.0769231,0.75,-0.418246,-1,-1,-1,1,0,-1,-1
-1,-1,-0.799398,-0.25,-1,1,0.75,-1,-1,-1,-1,1,0,-0.846,-0.99936
-1,1,-0.0827068,-0.964286,0,-0.0769231,-0.25,-0.245614,1,-1,-1,-1,-1,-0.6,-1
-1,1,-0.533835,-0.0714286,0,-0.846154,0.75,-0.964912,-1,-1,-1,-1,0,-0.772,-1
-1,-1,-0.669173,-0.0239286,0,0.538462,0.75,-0.894737,-1,-1,-1,-1,0,-0.72,-0.99998
-1,1,-0.744361,-0.967143,0,-0.538462,-0.25,-0.991228,-1,-1,-1,1,0,-0.72,-0.9989
-1,1,-0.318196,-0.946429,-1,-0.846154,-0.25,-0.958947,-1,-1,-1,-1,0,-0.76,-0.99994
-1,-1,-0.593985,-0.979286,0,-0.0769231,0.75,-0.991228,-1,1,-0.970149,1,0,-0.728,-0.99784
-1,-1,-0.46406,-0.892857,0,-1,-1,-1,-1,1,-0.940299,1,0,-0.8,-0.9979
-1,1,-0.115188,-0.839286,0,-0.692308,0,-0.947368,1,-1,-1,-1,0,-0.44,-1
-1,1,-0.551278,0.0357143,0,-0.846154,-0.25,-0.991228,-1,-1,-1,-1,0,-1,-0.99428
-1,1,-0.79188,-0.910714,-1,0.0769231,0.75,-0.903509,1,1,-0.910448,1,0,-0.86,-0.9958
-1,1,-0.867068,-0.824286,0,0.0769231,0.5,-0.932632,-1,1,-0.940299,1,0,-0.84,-0.98826
-1,-1,-0.706767,-0.892857,0,0.230769,-0.25,-0.938596,-1,-1,-1,1,0,-0.84,-1
-1,1,-0.633985,-0.9375,0,-0.538462,-0.25,-0.973684,-1,1,-0.940299,1,0,-0.826,-0.99994
-1,1,-0.463759,-0.946429,-1,-0.230769,-0.25,-0.754386,-1,-1,-1,1,0,-0.68,-1
-1,1,-0.285714,-0.875,-1,0.0769231,0,-0.982456,1,-1,-1,1,0,-0.836,-0.992
-1,-1,-0.458647,-0.785714,-1,-0.384615,-0.5,-1,-1,-1,-1,-1,0,-0.84,-0.9996
-1,-1,0.303158,-0.976071,0,-0.692308,0,-0.929825,1,-1,-1,1,0,-0.748,-0.95606
-1,1,-0.847218,-0.747143,-1,-1,-1,-1,-1,-1,-1,1,0,-0.82,-0.99998
-1,1,-0.46406,-0.964286,0,0.0769231,0,-0.941404,1,-1,-1,1,-1,-0.68,-1
-1,1,-0.776842,-1,0,0.0769231,-0.25,-0.964912,-1,-1,-1,1,-1,-1,-1
-1,-1,0.0977444,-0.940357,0,-0.230769,-0.25,-0.964912,-1,-1,-1,1,0,-0.76,-0.99766
-1,-1,-0.553985,-0.881071,0,0.538462,-0.25,-0.830526,1,-1,-1,1,0,-0.56,-1
-1,1,-0.756992,-0.89,0,-0.538462,-0.25,-0.994035,-1,-1,-1,1,0,-0.644,-1
-1,1,-0.353383,-0.773929,0,1,0.75,-0.736842,1,-1,-1,1,0,-0.32,-1
-1,-1,-0.929925,-0.976071,0,-1,-1,-1,-1,1,-0.970149,-1,0,-0.84,-0.99748
-1,1,-0.263158,-0.276786,-1,-0.538462,-0.25,-0.991228,-1,-1,-1,-1,0,-0.84,-1
-1,1,-0.894737,-0.785714,0,-0.538462,-0.25,-0.997193,-1,-1,-1,1,0,-0.84,-0.9992
-1,-1,-0.493835,-0.238214,0,0.538462,0.75,-0.994035,-1,1,-0.641791,1,0,-0.871,-0.99994
-1,-1,-0.704361,-0.940714,0,0.538462,-0.25,-0.970877,-1,1,-0.970149,1,0,-0.8,-0.99978
-1,-1,-0.503759,-0.607143,0,-0.538462,-0.25,-0.614035,-1,-1,-1,1,-1,-0.9,-1
-1,-1,-0.616541,-0.806429,-1,0.0769231,-0.25,-0.994035,-1,-1,-1,-1,-1,-0.92,-1
-1,-1,-0.934737,-0.794643,0,0.538462,-0.25,-0.994035,-1,-1,-1,-1,0,-0.88,-1
-1,1,-0.754286,-0.964286,0,0.0769231,-0.25,-0.991228,-1,-1,-1,-1,0,-0.64,-1
-1,1,-0.536241,-0.75,0,0.230769,-0.25,-0.754386,1,1,-0.910448,1,0,-0.671,-1
-1,1,-0.193083,-0.892857,0,-0.692308,0,-1,-1,-1,-1,-1,-1,-0.7,-1
-1,1,-0.656541,-0.785714,0,0.0769231,-0.25,-0.912281,-1,1,-0.970149,-1,0,-1,-0.99956
-1,1,0.145263,-0.785714,-1,-1,-1,-0.894737,-1,-1,-1,-1,0,-0.82,-0.99992
-1,1,-0.441203,-0.821429,0,0.0769231,-0.25,-0.912281,-1,-1,-1,1,0,-0.72,-1
-1,1,-0.46406,-0.785714,-1,-0.692308,0,-0.508772,-1,-1,-1,-1,0,-1,-0.99998
-1,-1,-0.418647,-0.883929,0,-0.846154,-0.25,-0.962105,-1,-1,-1,1,0,-1,-1
-1,1,0.466165,-0.0892857,-1,0.0769231,0.75,-0.649123,1,-1,-1,-1,0,-0.888,-1
-1,-1,-0.398496,-0.946429,0,-0.538462,0,-0.929825,1,1,-0.910448,1,0,-0.788,-1
-1,1,0.348271,-0.806429,0,0.0769231,-0.25,-0.830526,-1,-1,-1,1,0,-0.68,-1
-1,1,-0.368421,-0.821429,0,0.846154,0,-0.964912,-1,-1,-1,-1,0,-0.652,-1
-1,1,-0.473684,-0.7975,0,-1,-1,-1,-1,1,-0.850746,-1,0,-0.824,-0.99708
-1,1,-0.641504,-0.767857,0,0.0769231,0.75,-0.839298,-1,1,-0.970149,1,0,-0.584,-0.99958
-1,1,-0.125413,-0.910714,0,-0.0769231,-0.25,-0.0263158,-1,1,-0.970149,1,0,-0.648,-0.99776
-1,-1,-0.654135,-0.0357143,-1,-1,-1,-0.859649,-1,1,-0.970149,1,0,-0.8,-0.99998
-1,1,-0.566316,-0.991071,-1,-0.538462,-0.25,-0.994035,-1,-1,-1,-1,0,-0.784,-0.958
-1,-1,-0.46406,-0.75,0,-0.846154,-0.25,-0.789474,1,-1,-1,1,0,-0.7,-1
-1,1,-0.46406,-0.642857,-1,-0.230769,-0.25,-0.403509,1,-1,-1,-1,0,-1,-1
-1,-1,-0.41594,-0.839286,-1,0.846154,-0.25,-0.754386,-1,-1,-1,1,0,-0.8,-0.99718
-1,1,-0.922406,-0.708214,0,-0.692308,0.75,-0.970877,-1,-1,-1,1,0,-0.88,-1
-1,1,-0.295639,-0.714286,0,0.0769231,0,-0.649123,1,-1,-1,1,-1,-0.72,-1
-1,1,-0.423459,-0.821429,0,-0.230769,-0.25,-0.877193,-1,1,-0.940299,1,0,-0.28,-1
-1,1,-0.516391,-0.854286,-1,1,0.75,-0.997193,-1,-1,-1,-1,0,-0.872,-0.99998
-1,1,-0.163007,-0.875,0,-0.538462,-0.25,-0.985263,1,-1,-1,-1,0,-0.84,-1
-1,-1,-0.581353,-0.854286,0,0.230769,-0.25,-0.982456,-1,-1,-1,1,0,-0.82,-0.999
-1,1,-0.378346,-0.904643,0,-0.692308,0,-0.991228,-1,-1,-1,1,0,-0.56,-0.91
-1,1,0.0526316,0.881071,-1,-1,-1,-1,1,-1,-1,1,0,-1,-1
-1,1,-0.636692,-0.0832143,0,0.846154,-0.25,-0.964912,-1,-1,-1,-1,0,-1,-0.99996
-1,1,0.077594,0.357143,0,-1,-1,-1,1,1,-0.970149,-1,0,-0.906,-1
-1,1,-0.388571,-0.535714,0,-0.230769,-0.25,-0.991228,1,-1,-1,1,0,-0.557,-1
-1,-1,0.0601504,-0.892857,0,-0.384615,-0.5,-1,1,-1,-1,1,0,-0.9,-0.99946
-1,1,-0.46406,-0.997143,-1,-0.846154,-0.25,-0.701754,-1,-1,-1,1,0,-0.54,-1
-1,1,0.0652631,-0.836429,0,-1,-1,-0.979649,-1,-1,-1,-1,0,-0.8,-0.99994
-1,-1,-0.308271,-0.663571,0,-1,-1,-1,-1,-1,-1,-1,0,-0.84,-1
-1,-1,-0.892331,-0.321429,0,-0.230769,-0.25,-0.877193,-1,1,-0.701493,1,0,-1,-0.9998
-1,1,-0.473684,-0.919643,0,-1,-1,-1,-1,1,-0.970149,-1,0,-0.904,-0.99962
-1,1,-0.528722,-0.910714,0,0.0769231,0.75,-0.982456,-1,1,-0.940299,1,0,-0.6,-0.99784
-1,1,-0.862256,-0.913571,-1,0.384615,-0.75,-1,-1,-1,-1,-1,0,-0.9,-1
-1,1,0.0324813,-0.732143,0,-0.692308,0,-0.929825,-1,-1,-1,-1,0,-0.9,-0.99996
-1,-1,-0.185564,-0.75,0,-0.692308,0,-0.964912,-1,-1,-1,-1,-1,0.16,-1
-1,1,-0.215639,-0.964286,0,-0.0769231,-0.25,-0.982456,1,-1,-1,-1,-1,-0.712,-1
-1,1,-0.81203,-0.910714,-1,-0.538462,-0.25,-0.991228,-1,-1,-1,-1,0,-0.86,-0.99992
-1,1,-0.847218,-1,0,0.538462,-0.25,-0.953333,-1,-1,-1,-1,0,-0.84,-0.99998
-1,1,-0.0652631,-0.5,-1,0.0769231,-0.25,-0.885965,-1,-1,-1,-1,0,-0.84,-0.99996
-1,1,0.163007,-0.892857,0,-0.846154,-0.25,-0.736842,-1,-1,-1,1,0,-1,-0.993
-1,-1,-0.393384,-0.886786,-1,-1,-1,-1,1,-1,-1,-1,0,-0.68,-1
-1,1,-0.360902,-0.821429,0,-0.692308,-0.25,-0.929825,-1,-1,-1,1,0,-0.79,-1
-1,-1,-0.836992,-0.958214,-1,-0.230769,-0.25,-0.958947,1,-1,-1,1,0,-0.84,-1
-1,1,-0.641504,-0.979286,-1,0.0769231,-0.25,-0.894737,-1,-1,-1,1,0,-0.84,-1
-1,1,-0.799398,-1,0,0.0769231,-0.25,-1,-1,-1,-1,-1,1,-0.816,-1
-1,1,-0.516391,-0.75,0,0.0769231,-0.25,-0.988421,-1,-1,-1,-1,0,-0.784,-1
-1,1,-0.89985,-0.982143,0,0.538462,-0.25,-0.976491,-1,1,-0.880597,-1,0,-0.84,-0.99984
-1,-1,-0.874586,-0.270714,0,-1,-1,-1,-1,-1,-1,-1,0,-1,-0.999
-1,1,-0.714286,-0.0982143,0,0.0769231,-0.25,-0.991228,-1,1,-0.940299,-1,0,-1,-0.88896
-1,-1,-0.736842,-0.392857,0,0.538462,-0.25,-0.877193,1,1,-0.701493,-1,0,-0.92,-0.9802
-1,1,-0.325714,0.294643,0,0.230769,-0.25,-0.994035,-1,-1,-1,-1,0,-0.68,-0.92896
-1,1,-0.83218,-0.220357,0,0.0769231,0,-0.958947,-1,1,-0.940299,1,0,-0.8,-0.99986
-1,1,-0.553985,-0.741071,0,-0.230769,-0.25,-0.982456,-1,-1,-1,1,0,-0.9,-1
-1,1,-0.644211,-0.976071,0,-0.538462,0.75,-0.754386,-1,-1,-1,1,0,-0.66,-1
-1,1,-0.884812,-0.285714,0,0.230769,0.75,-0.988421,-1,1,-0.970149,-1,0,-0.88,-0.99998
-1,1,-0.867068,-0.267857,0,0.0769231,0.75,-0.92386,-1,-1,-1,-1,0,-0.68,-0.99974
-1,1,-0.922406,-0.803571,0,-0.230769,-0.25,-0.953333,-1,1,-0.970149,-1,0,-0.92,-0.99958
-1,-1,0.263158,-0.494286,0,-0.538462,0.75,-0.526316,1,1,-0.910448,1,0,-0.9,-0.999
-1,1,-0.729323,-0.178571,0,-0.692308,-0.25,-0.970877,-1,-1,-1,-1,0,-1,-1
-1,1,-0.593985,-0.955357,0,-0.230769,-0.25,-0.96807,1,-1,-1,1,0,-0.8,-1
-1,-1,-0.681805,-0.821429,-1,-0.692308,0,-0.684211,-1,-1,-1,-1,0,-0.8,-0.99088
-1,1,-0.223158,-0.642857,0,-1,-1,-1,-1,1,-0.940299,-1,0,-0.983,-0.99998
-1,-1,-0.651729,-0.851071,0,0.0769231,0.75,-0.807018,1,-1,-1,1,0,-0.64,-0.99998
-1,-1,-0.443609,-0.892857,0,0.0769231,-0.25,-0.982456,-1,-1,-1,1,0,-0.628,-0.99756
-1,1,-0.175338,-0.904643,0,-0.846154,-0.25,-0.988421,-1,-1,-1,-1,0,-0.832,-1
-1,1,-0.310677,-0.857143,0,-0.692308,-0.25,-0.982456,-1,-1,-1,1,0,-0.779,-1
-1,-1,-0.787068,-0.964286,-1,0.384615,-0.75,-0.929825,-1,-1,-1,-1,0,-0.74,-1
-1,1,-0.606617,-0.961429,0,-0.538462,-1,-1,-1,-1,-1,-1,0,-0.9,-1
-1,1,-0.709173,-0.958214,0,0.0769231,0.75,-0.994035,1,-1,-1,-1,0,-0.82,-1
-1,-1,-0.553985,-0.732143,0,0.0769231,-0.25,-0.982456,-1,1,-0.970149,1,0,-0.96,-0.99692
-1,1,-0.85203,-0.642857,0,0.538462,-0.25,-0.973684,1,1,-0.940299,-1,0,-1,-0.99924
-1,1,-0.761805,-0.916786,-1,-0.538462,-0.25,-0.824561,1,1,-0.970149,-1,0,-0.82,-0.9996
-1,-1,0.14797,-0.535714,0,-0.692308,0,-0.783509,-1,-1,-1,1,0,-0.927,-1
-1,-1,-0.704361,-0.178571,-1,-0.538462,0.75,-0.789474,-1,-1,-1,1,0,-0.98,-0.99968
-1,1,-0.390977,-0.678571,0,-0.230769,-0.25,-0.929825,1,-1,-1,1,0,-0.76,-1
-1,1,-0.679098,-0.857143,0,0.384615,-0.75,-0.988421,-1,1,-0.940299,-1,0,-0.68,-0.974
-1,1,-0.448722,-0.714286,-1,0.846154,-0.25,-0.894737,-1,-1,-1,1,0,-0.88,-1
-1,1,-0.776842,-0.982143,-1,0.0769231,0.75,-0.982456,-1,-1,-1,-1,0,-0.72,-0.99592
-1,1,0.473684,-0.5,0,0.384615,1,-1,-1,-1,-1,-1,0,-1,-0.99976
-1,1,-0.112782,0.800714,0,0.538462,0.75,-0.985263,1,1,-0.970149,-1,0,-0.24,-0.9982
-1,-1,-0.882105,-1,-1,-0.384615,-1,-1,-1,-1,-1,-1,0,-0.914,-1
-1,1,-0.182857,-0.839286,-1,1,0.75,-0.298246,1,-1,-1,1,0,-0.824,-1
-1,-1,-0.566316,-0.958214,0,-0.230769,-0.25,-0.997193,-1,-1,-1,-1,0,-0.74,-0.97992
-1,-1,-0.451128,-0.571429,0,-0.846154,-0.25,-0.912281,-1,-1,-1,-1,0,-0.728,-1
-1,-1,0.676692,-0.571429,0,-1,-1,-1,-1,-1,-1,-1,-1,-1,-1
-1,1,-0.521203,-0.946429,-1,0.0769231,-0.25,-0.997193,-1,-1,-1,-1,0,-0.76,-1
-1,1,-0.79188,-0.622143,0,0.538462,-0.25,-0.973684,1,1,-0.970149,-1,0,-0.84,-1
-1,1,-0.661654,-0.142857,0,-0.538462,-0.25,-0.842105,1,1,-0.940299,1,0,-0.88,-0.9999
-1,-1,-0.596391,-0.910714,0,-1,-1,-1,-1,1,-0.970149,-1,0,-0.908,-0.994
-1,-1,-0.498647,-0.901786,0,0.230769,0.75,-0.997193,-1,1,-0.910448,-1,0,-1,-0.99934
-1,1,-0.81203,-1,0,-0.846154,-0.25,-0.964912,-1,-1,-1,-1,0,-0.856,-1
-1,1,-0.746767,-0.839286,0,-0.692308,-0.25,-0.991228,-1,-1,-1,-1,0,-0.84,-0.9998
-1,1,-0.749474,-0.181429,0,-0.538462,-0.25,-0.888772,-1,-1,-1,1,0,-0.9,-0.97576
-1,1,-0.0550377,-0.892857,0,0.0769231,-0.25,-0.824561,1,-1,-1,1,0,-0.86,-1
-1,1,-0.766917,-0.178571,0,-0.692308,-0.25,-0.964912,1,-1,-1,1,0,-0.9,-0.99864
-1,1,-0.924812,-0.940357,0,-0.0769231,-0.25,-0.994035,1,-1,-1,-1,-1,-0.8,-1
-1,1,-0.889624,-0.535714,0,-0.692308,-0.25,-0.991228,-1,-1,-1,-1,0,-0.94,-0.998
-1,1,-0.456241,-0.997143,-1,-0.0769231,-0.25,-0.997193,-1,-1,-1,-1,0,-1,-1
-1,-1,-0.313383,-0.979286,0,-1,-1,-1,-1,1,-0.701493,-1,0,-0.8,-0.99964
-1,1,-0.842105,-1,-1,-1,-1,-1,-1,1,-0.880597,-1,0,-0.955,-0.99998
-1,-1,-0.674286,-0.952143,0,-0.230769,0.75,-0.877193,1,-1,-1,-1,0,-0.6,-1
-1,1,-0.320902,-0.729286,0,0.230769,-0.25,-0.918246,1,-1,-1,1,0,-0.8,-1
-1,1,-0.744361,-0.357143,0,-0.230769,-0.25,-0.994035,-1,-1,-1,-1,0,-1,-1
-1,-1,-0.0601504,-0.6725,0,-0.538462,0.75,-0.929825,-1,-1,-1,1,-1,-0.76,-1
-1,-1,-0.922406,-0.985,0,-0.230769,-0.25,-0.991228,-1,-1,-1,-1,0,-0.8,-0.99998
-1,1,-0.175338,-0.910714,-1,0.230769,-0.25,-0.982456,-1,-1,-1,-1,0,-1,-0.9961
-1,1,-0.719398,-1,0,-0.538462,-0.25,-0.929825,-1,1,-0.671642,-1,-1,-1,-1
-1,1,-0.749474,-0.833214,0,-0.538462,-0.25,-0.947368,-1,-1,-1,-1,0,-0.82,-1
-1,1,-0.548872,-0.892857,-1,0.0769231,-0.25,-0.894737,1,-1,-1,1,0,-1,-0.9955
