-1,1,-0.827068,-0.315357,0,-0.230769,-0.25,-0.944561,-1,-1,-1,-1,0,-0.92,-0.993
-1,1,0.836993,0.357143,-1,-1,-1,-0.997193,-1,1,-0.940299,-1,0,-1,-0.99298
-1,1,-0.734436,-0.892857,-1,-0.230769,-0.25,-0.962105,-1,-1,-1,1,0,-0.88,-0.99866
-1,-1,-0.526316,-0.857143,-1,0.384615,0.75,-0.859649,-1,-1,-1,-1,0,-0.744,-0.99966
-1,1,-0.441203,-0.75,0,-0.538462,-0.25,-0.964912,-1,-1,-1,1,0,-0.768,-1
-1,1,-0.779549,-0.705357,-1,-0.692308,0.75,-0.997193,-1,-1,-1,-1,0,-0.86,-0.998
-1,1,-0.842105,-0.875,-1,0.0769231,-0.25,-0.83614,-1,-1,-1,1,0,-0.888,-0.99988
-1,1,-0.58406,-0.767857,-1,0.538462,0.75,-0.643158,-1,1,-0.940299,1,0,-0.631,-0.99998
-1,-1,-0.290827,-0.821429,0,-0.692308,0.75,-0.985263,-1,-1,-1,-1,0,-0.74,-0.99508
-1,1,-0.115188,-0.642857,0,-0.692308,0,-0.842105,-1,-1,-1,1,0,-0.859,-1
-1,-1,-0.827068,-0.988214,0,0.538462,-0.25,-0.997193,-1,-1,-1,1,0,-0.62,-1
-1,-1,-0.867068,-0.285714,-1,0.538462,0.75,-0.988421,-1,-1,-1,-1,0,-0.66,-1
-1,-1,-0.243008,-0.881071,0,-0.230769,-0.25,-0.982456,-1,-1,-1,-1,0,-1,-0.9922
-1,1,0.00992487,-0.535714,0,0.0769231,-0.25,-0.929825,-1,-1,-1,1,0,-1,-0.99544
-1,1,-0.576541,-0.714286,-1,-0.692308,0.75,-0.596491,1,1,-0.940299,1,0,-0.925,-1
-1,1,-0.182857,-0.940357,0,-1,-1,-1,1,-1,-1,-1,0,-0.87,-0.99998
-1,1,-0.824662,-0.958214,0,-1,-1,-1,-1,1,-0.910448,-1,0,-0.65,-0.98462
-1,1,-0.366015,-0.714286,0,-0.846154,0,-0.122807,1,-1,-1,1,0,-0.816,-1
-1,1,-0.388571,-0.821429,0,0.0769231,-0.25,-0.929825,-1,-1,-1,-1,0,-0.54,-0.99968
-1,1,-0.12782,-0.785714,0,-0.692308,0,-0.929825,1,-1,-1,-1,0,-1,-0.996
-1,1,-0.874586,-0.985357,0,-0.230769,-0.25,-0.997193,-1,-1,-1,-1,0,-0.72,-0.985
-1,-1,-0.581353,-0.892857,0,-0.0769231,-0.25,-0.859649,1,-1,-1,-1,-1,-0.632,-1
-1,-1,0.295639,-0.696429,-1,-1,-1,-0.649123,-1,-1,-1,1,0,-1,-0.99992
-1,1,-0.789474,-0.636786,-1,-0.384615,-0.25,-0.979649,-1,-1,-1,-1,0,-0.86,-0.99632
-1,-1,-0.200601,-0.419643,-1,-0.538462,-0.25,-0.988421,-1,1,-0.940299,-1,0,-0.816,-0.99964
-1,1,-0.182857,-0.964286,-1,-0.0769231,-0.25,-0.964912,-1,-1,-1,1,0,-0.87,-1
-1,1,-0.390977,-0.607143,-1,0.0769231,-0.25,-0.894737,-1,-1,-1,1,0,-0.94,-1
-1,-1,-0.614135,-0.818571,-1,-1,-1,-1,-1,-1,-1,1,0,-0.82,-0.9988
-1,1,-0.81203,-0.5,0,0.0769231,-0.25,-0.964912,-1,-1,-1,-1,0,-1,-1
-1,1,1,-0.607143,0,0.0769231,-0.25,-0.962105,1,-1,-1,-1,0,-1,-0.9932
-1,-1,-0.932331,-0.988214,0,-0.230769,-0.25,-0.929825,-1,1,-0.940299,1,0,-0.68,-0.99998
-1,1,-0.689323,-0.357143,0,-0.230769,-0.25,-0.982456,-1,-1,-1,1,0,-1,-1
-1,1,-0.721805,-0.946429,0,-0.0769231,-0.25,-0.964912,-1,-1,-1,1,-1,-0.68,-1
-1,1,-0.917293,-0.991071,0,0.0769231,-0.25,-0.988421,-1,-1,-1,-1,0,-0.868,-1
-1,1,-0.385865,-0.803571,0,-0.692308,0,-0.824561,-1,-1,-1,1,0,-0.768,-0.996
-1,1,-0.441203,-0.464286,0,0.384615,0,-0.888772,1,-1,-1,1,-1,-0.58,-1
-1,1,-0.854737,-0.592143,0,-0.846154,-0.25,-0.962105,-1,-1,-1,-1,0,-0.88,-1
-1,-1,-0.731729,-0.946429,0,0.0769231,-0.25,-0.859649,-1,1,-0.940299,1,0,-0.8,-0.99212
-1,1,-0.779549,-0.279643,-1,0.384615,0.75,-0.912281,-1,-1,-1,-1,0,-0.74,-1
-1,-1,-0.93985,-0.973214,0,0.0769231,-0.25,-0.929825,-1,-1,-1,-1,0,-0.88,-0.99964
-1,-1,-0.142857,-0.875,-1,0.0769231,-0.25,-1,-1,-1,-1,1,0,-0.85,-0.99998
-1,1,-0.588872,-0.107143,0,-0.230769,0,-0.982456,-1,-1,-1,1,0,-0.28,-1
-1,1,-0.932331,-0.776786,0,0.230769,-0.25,-0.994035,-1,1,-0.970149,-1,0,-1,-0.99988
-1,1,-0.488722,-0.886786,0,-0.846154,-0.25,-0.958947,-1,-1,-1,1,-1,-1,-1
-1,-1,-0.526316,-0.9225,-1,1,-0.25,-0.929825,-1,-1,-1,-1,0,-0.72,-0.99974
-1,-1,-0.413534,-0.785714,-1,-0.230769,-0.25,-0.859649,-1,-1,-1,-1,0,-0.82,-1
-1,1,-0.654135,-0.928571,0,-0.230769,-0.25,-0.964912,-1,-1,-1,-1,0,-0.8,-1
-1,1,-0.516391,-0.910714,-1,-0.538462,-0.25,-0.982456,-1,-1,-1,-1,0,-0.776,-1
-1,1,0.235489,0.107143,0,0.384615,1,-1,1,1,-0.402985,-1,0,-0.848,-0.9974
-1,1,-0.193083,-0.765,0,-0.0769231,-0.25,-0.754386,-1,-1,-1,1,-1,-0.6,-1
-1,1,-0.508872,-0.925714,-1,-0.692308,0,-0.964912,1,1,-0.701493,1,0,-0.868,-0.99944
-1,1,0.145263,-0.854286,-1,-1,-1,-0.894737,-1,-1,-1,-1,0,-0.88,-0.99998
-1,-1,-0.864662,-0.285714,0,0.230769,-0.25,-0.929825,-1,1,-0.970149,-1,0,-0.88,-0.99998
-1,-1,-0.0502255,-0.928571,0,0.538462,-0.25,-0.991228,-1,-1,-1,1,0,-0.737,-1
-1,1,-0.456241,-0.821429,0,-0.230769,-0.25,-0.473684,1,-1,-1,1,0,-0.477,-1
-1,1,-0.506165,-0.9225,-1,0.0769231,-0.25,-0.997193,-1,-1,-1,-1,0,-0.83,-0.99642
-1,1,-0.89985,-0.993929,-1,0.0769231,-0.25,-0.997193,-1,-1,-1,-1,0,-0.86,-0.98556
-1,1,-0.724211,-0.987857,0,-0.0769231,-0.25,-0.994035,-1,-1,-1,-1,-1,-1,-1
-1,-1,-0.366015,-0.910714,-1,-0.692308,0.75,-0.964912,-1,-1,-1,1,0,-0.84,-1
-1,1,-0.0827068,-0.214286,-1,-0.846154,-0.25,-0.894737,1,-1,-1,-1,-1,-1,-1
-1,1,0.666767,-0.357143,0,-1,-1,-0.719298,-1,1,-0.970149,-1,0,-0.93,-0.99988
-1,1,-0.829474,-0.482143,0,-0.0769231,-0.25,-0.997193,-1,1,-0.970149,-1,0,-0.9,-0.99998
-1,-1,0.165414,-0.5,0,-0.230769,0.75,-0.789474,-1,-1,-1,-1,0,-1,-1
-1,1,-0.290827,-0.809643,0,0.846154,-0.25,-0.988421,-1,-1,-1,1,0,-1,-0.98998
-1,1,-0.22797,-0.877857,-1,-0.0769231,-0.25,-0.988421,-1,-1,-1,-1,-1,-0.6,-1
-1,1,-0.674286,-0.910714,0,0.0769231,-0.25,-0.982456,-1,-1,-1,-1,0,-0.89,-1
-1,1,-0.609023,-0.857143,0,-0.846154,-0.25,-0.947368,-1,-1,-1,1,0,-0.92,-1
-1,1,-0.706767,-0.803571,0,-1,-1,-0.684211,-1,-1,-1,-1,0,-0.84,-0.9995
-1,1,-0.501353,-0.964286,0,-0.846154,0.75,-0.994035,-1,-1,-1,1,-1,-0.748,-1
-1,-1,-0.819549,-0.946429,0,0.0769231,-0.25,-0.944211,1,1,-0.850746,1,0,-0.86,-0.9999
-1,1,-0.621654,-0.0714286,0,0.384615,-0.75,-1,-1,-1,-1,1,0,-0.86,-0.9778
-1,-1,-0.654135,-0.107143,0,-0.846154,-0.25,-0.929825,-1,-1,-1,1,0,-0.82,-0.97876
-1,1,-0.609023,-0.678571,-1,0.0769231,0,-0.824561,-1,-1,-1,-1,0,-0.8,-0.9758
-1,-1,-0.66406,-0.910714,0,-1,-1,-1,1,-1,-1,-1,0,-0.92,-1
-1,1,-0.882105,-0.681429,0,0.0769231,-0.25,-0.982456,-1,-1,-1,-1,-1,-0.92,-1
-1,1,-0.626466,-0.107143,-1,-0.538462,0.75,-0.912281,-1,-1,-1,1,0,-1,-0.99966
-1,-1,-0.729323,-0.559643,0,-0.230769,-0.25,-0.988421,-1,-1,-1,-1,0,-0.78,-0.98
+1,1,-0.363308,-0.642857,0,1,0.75,-0.473684,1,1,-0.820896,1,0,-1,-0.98
+1,1,-0.52391,-0.678571,0,0.230769,-0.25,-0.473684,1,1,-0.940299,1,0,-0.67,-1
+1,1,-0.41594,-0.782857,-1,0.0769231,0.75,-0.856842,1,1,-0.970149,1,0,-0.82,-0.63946
+1,-1,-0.491128,-0.142857,0,0.0769231,-0.25,-0.859649,1,1,-0.970149,-1,0,-0.78,-0.99962
+1,-1,0.0225564,-0.428571,0,0.0769231,-0.25,-0.447368,1,1,-0.820896,1,0,-1,-0.9748
+1,-1,0.0126315,-0.785714,0,1,-0.25,-0.0263158,1,1,-0.940299,1,0,-0.481,-0.96592
+1,1,-0.716692,-1,0,0.846154,-0.25,-0.994035,1,-1,-1,-1,0,-1,-1
+1,1,-0.609023,-0.919643,0,1,0.75,-0.912281,1,-1,-1,-1,0,-1,-0.89404
+1,1,0.293233,-0.125,0,-0.0769231,-0.25,-0.912281,1,1,-0.880597,1,0,-0.8,-1
+1,1,-0.150376,-0.300714,0,1,0.75,-0.441404,1,1,-0.761194,-1,0,-1,-1
+1,1,-0.56391,-0.64,-1,0.0769231,0,-0.894737,1,1,-0.761194,1,0,-0.856,-0.99986
+1,1,-0.656541,-0.75,0,0.846154,-0.25,-0.95614,1,1,-0.791045,-1,0,-1,-0.85882
+1,-1,0,-0.0714286,0,-0.692308,0,-0.637544,1,1,-0.731343,1,0,-1,-1
+1,-1,-0.799398,-0.940357,0,0.538462,-0.25,-0.888772,1,1,-0.970149,-1,0,-1,-1
+1,-1,-0.661654,-0.9375,0,1,0.75,-0.927018,1,-1,-1,1,0,-0.84,-0.8828
+1,1,-0.581353,-0.857143,0,1,0.75,-0.929825,1,1,-0.880597,-1,0,-0.86,-0.84912
+1,1,-0.193083,-0.642857,0,0.0769231,-0.25,-0.649123,1,1,-0.791045,-1,0,-1,-0.9387
+1,1,0.513684,0.428571,0,1,0.75,0.22807,1,1,-0.731343,1,0,-1,-0.98
+1,1,-0.37594,-0.711429,-1,-0.692308,0,-0.403509,1,1,-0.791045,1,0,-0.805,-1
+1,1,-0.661654,-0.196429,0,0.0769231,-0.25,-0.824561,1,1,-0.492537,-1,0,-0.8,-0.97584
+1,-1,-0.849624,-0.464286,0,0.538462,-0.25,-0.809825,1,1,-0.850746,-1,0,-0.816,-0.46548
+1,1,0.075188,-0.458214,0,-0.692308,0,-0.467719,1,1,-0.552239,1,0,-1,-0.9
+1,1,0.393384,0.0357143,0,-1,-1,0.263158,1,1,-0.552239,1,0,-1,-0.98
+1,1,-0.285714,-0.919643,-1,-0.846154,-0.25,-0.894737,-1,-1,-1,1,0,-0.569,-1
+1,-1,-0.659248,-0.818571,-1,-0.230769,-0.25,-0.982456,1,-1,-1,1,0,-0.63,-1
+1,1,-0.741955,-0.214286,0,0.230769,-0.25,-0.859649,1,1,-0.970149,-1,0,-0.92,-0.99444
+1,1,-0.426165,-0.821429,0,0.846154,0.75,-0.807018,1,1,-0.820896,-1,0,-0.84,-0.95856
+1,1,-0.659248,-0.877857,0,1,-0.25,-0.883158,1,1,-0.970149,1,0,-0.605,-0.9996
+1,1,-0.77203,-0.25,0,0.0769231,-0.25,-0.789474,1,-1,-1,1,0,-1,-1
+1,-1,0.0926316,-0.104286,0,-0.230769,-0.25,-0.839298,1,1,-0.910448,1,0,-0.844,-1
+1,-1,-0.676692,-0.0892857,0,0.0769231,0,-0.666667,1,1,-0.940299,-1,0,-0.927,-0.99112
+1,1,-0.46406,-0.714286,0,1,-0.25,-0.649123,1,1,-0.910448,1,0,-0.71,-0.95442
+1,1,0.62406,-0.607143,0,0.384615,1,-0.0877193,1,1,-0.970149,1,0,-1,-1
+1,1,-0.403609,-0.803571,0,-0.0769231,-0.25,-0.701754,1,1,-0.820896,-1,0,-0.796,-1
+1,-1,0.343459,0.5,0,-0.692308,0,-0.298246,1,1,-0.61194,-1,0,-1,-0.866
+1,-1,-0.175338,-0.535714,0,0.538462,-0.25,-0.964912,1,1,-0.910448,1,0,-0.855,-1
+1,-1,-0.566316,-0.973214,0,0.538462,-0.25,-0.958947,1,1,-0.880597,-1,0,-0.92,-1
+1,1,-0.443609,-0.988214,-1,0.0769231,0.75,-0.77193,1,1,-0.970149,1,0,-0.568,-0.84
+1,1,-0.0803007,-0.964286,0,-0.692308,0.75,-0.649123,1,-1,-1,1,0,-0.68,-1
+1,1,0.381053,-0.89,0,0.538462,-0.25,-0.991228,1,-1,-1,1,0,-0.74,-1
+1,1,-0.611429,-0.875,-1,0.0769231,-0.25,-0.929825,1,1,-0.850746,1,0,-0.84,-0.88446
+1,1,0.0201503,-0.821429,0,-0.0769231,0,-0.824561,1,1,-0.641791,1,0,-0.59,-0.9498
+1,1,0.313383,-0.392857,0,0.384615,0.75,-0.508772,1,1,-0.910448,-1,0,-1,-1
+1,1,-0.83218,-0.321429,0,0.538462,-0.25,-0.929825,1,-1,-1,1,0,-0.94,-0.992
+1,1,-0.14797,-0.925714,0,0.230769,-0.25,-0.649123,1,1,-0.820896,1,0,-0.5,-0.8
+1,-1,-0.348271,-0.142857,0,0.538462,0.75,-0.0175439,1,1,-0.761194,-1,0,-1,-0.8682
+1,1,-0.0902256,-0.857143,0,-0.0769231,-0.25,-0.877193,1,1,-0.940299,1,0,-1,-0.9997
+1,-1,-0.0851128,-0.523929,0,0.538462,-0.25,-0.482456,1,1,-0.910448,1,0,-1,-1
+1,-1,-0.170526,-0.928571,0,-0.692308,0,-0.842105,1,-1,-1,1,0,-1,-0.994
+1,1,-0.461053,-0.940714,0,1,-0.25,-0.906316,1,1,-0.761194,1,0,-0.697,-0.9342
+1,1,0.270677,-0.107143,0,-0.538462,0.75,-0.438596,1,-1,-1,1,0,-0.976,-0.95944
+1,-1,-0.263158,-0.571429,0,-0.538462,-0.25,-0.929825,1,-1,-1,1,0,-1,-1
+1,1,-0.290827,-0.535714,0,-0.0769231,0.75,-0.701754,1,1,-0.641791,1,0,-0.907,-1
+1,1,-0.310677,-0.767857,0,0.538462,0.75,-0.368421,1,-1,-1,1,0,-0.898,-0.98722
+1,-1,-0.60391,-0.0357143,0,0.538462,0.75,-0.649123,1,1,-0.940299,-1,0,-1,-0.9
+1,1,-0.836992,-0.321429,0,0.230769,-0.25,-0.894737,1,-1,-1,-1,0,-0.88,-0.95588
+1,1,-0.152782,-0.97,0,0.0769231,0.75,-0.985263,1,1,-0.820896,-1,0,-0.78,-0.98104
+1,-1,-0.859549,-0.339286,0,0.538462,-0.25,-0.915088,1,1,-0.880597,-1,0,-0.94,-0.9892
+1,1,0.0351879,-0.75,0,-0.230769,-0.25,-0.754386,1,-1,-1,-1,-1,-0.77,-1
+1,-1,-0.629173,-0.381071,0,-0.230769,-0.25,-0.900702,1,-1,-1,-1,0,-0.84,-0.997
+1,1,-0.731729,-0.818571,-1,0.0769231,0.75,-0.818596,1,-1,-1,-1,0,-1,-1
+1,-1,-0.724211,-0.1725,0,0.846154,-0.25,-0.997193,1,-1,-1,-1,0,-0.92,-0.97302
