-1,-0.529412,0.427136,0.409836,-1,-1,0.311475,-0.515798,-0.966667
-1,-0.0588235,0.246231,0.245902,-0.515152,0.41844,-0.14456,-0.479932,0.0333333
-1,0.176471,0.296482,0.0163934,-0.272727,-1,0.228018,-0.690009,-0.433333
-1,-0.647059,0.738693,0.278689,-0.212121,-0.562648,0.00745157,-0.238258,-0.666667
-1,-0.529412,0.467337,0.508197,-1,-1,-0.0700447,-0.606319,0.333333
-1,-0.882353,0.286432,-0.213115,-0.0909091,-0.541371,0.207154,-0.543126,-0.9
-1,-0.411765,0.376884,0.770492,-1,-1,0.454545,-0.872758,-0.466667
-1,-0.529412,0.849246,0.278689,-0.212121,-0.345154,0.102832,-0.841161,-0.666667
-1,-0.764706,0.0251256,0.409836,-0.272727,-0.716312,0.356185,-0.958155,-0.933333
-1,-0.176471,0.427136,0.47541,-0.515152,0.134752,-0.0938897,-0.957301,-0.266667
-1,-0.764706,0.467337,-1,-1,-1,-0.180328,-0.861657,-0.766667
-1,-0.294118,0.628141,0.0163934,-1,-1,-0.275708,-0.914603,-0.0333333
-1,-0.764706,0.467337,0.147541,-0.232323,-0.148936,-0.165425,-0.778822,-0.733333
-1,-0.411765,0.155779,0.245902,-1,-1,-0.0700447,-0.773698,-0.233333
-1,-0.294118,0.346734,0.311475,-0.252525,-0.125296,0.377049,-0.863365,-0.166667
-1,0.0588235,0.658291,0.442623,-1,-1,-0.0938897,-0.808711,-0.0666667
-1,-0.411765,0.125628,0.0819672,-1,-1,0.126677,-0.843723,-0.333333
-1,-0.764706,0.18593,0.311475,-1,-1,0.278689,-0.474808,-1
-1,-0.647059,0.296482,0.508197,-0.010101,-0.63357,0.0849479,-0.239966,-0.633333
-1,0.411765,-0.0753769,0.0163934,-0.858586,-0.390071,-0.177347,-0.275833,-0.233333
-1,-0.294118,0.19598,-0.180328,-0.555556,-0.583924,-0.19225,0.058924,-0.6
-1,-0.882353,0.286432,0.606557,-0.171717,-0.862884,-0.0461997,0.0614859,-0.6
-1,-0.294118,-1,0.114754,-0.171717,-1,0.162444,-0.445773,-0.333333
-1,-0.529412,0.256281,0.147541,-0.636364,-0.711584,-0.138599,-0.089667,-0.2
-1,-0.411765,0.688442,0.0491803,-1,-1,-0.019374,-0.951324,-0.333333
-1,-0.411765,0.396985,0.311475,-0.292929,-0.621749,-0.0581222,-0.758326,-0.866667
-1,-0.764706,-0.0954774,0.114754,-0.151515,-1,0.138599,-0.637062,-0.8
-1,-0.882353,0.638191,0.180328,-1,-1,0.162444,-0.0230572,-0.6
-1,-0.176471,0.688442,0.442623,-0.151515,-0.241135,0.138599,-0.394535,-0.366667
-1,0.0588235,0.648241,0.278689,-1,-1,-0.0223547,-0.940222,-0.2
-1,0.0588235,0.457286,0.311475,-0.0707071,-0.692671,0.129657,-0.52263,-0.366667
-1,-0.176471,0.145729,0.0491803,-1,-1,-0.183308,-0.441503,-0.566667
-1,-1,0.18593,0.377049,-0.0505051,-0.456265,0.365127,-0.596072,-0.666667
-1,0.0588235,0.718593,0.803279,-0.515152,-0.432624,0.353204,-0.450897,0.1
-1,-0.176471,0.879397,-0.180328,-0.333333,-0.0732861,0.0104323,-0.36123,-0.566667
-1,-0.0588235,0.00502513,0.213115,-0.191919,-0.491726,0.174367,-0.502135,-0.266667
-1,-0.882353,0.738693,0.213115,-1,-1,0.0968703,-0.99146,-0.433333
-1,0.176471,0.61809,0.114754,-0.535354,-0.687943,-0.23994,-0.788215,-0.133333
-1,-0.529412,0.115578,0.180328,-0.0505051,-0.510638,0.105812,0.12041,0.166667
-1,0.529412,0.527638,0.47541,-0.333333,-0.931442,-0.201192,-0.442357,-0.266667
-1,0.647059,0.00502513,0.278689,-0.494949,-0.565012,0.0909091,-0.714774,-0.166667
-1,-0.176471,0.507538,0.278689,-0.414141,-0.702128,0.0491804,-0.475662,0.1
-1,-0.294118,0.346734,0.147541,-0.535354,-0.692671,0.0551417,-0.603757,-0.733333
-1,-0.882353,0.969849,0.245902,-0.272727,-0.411348,0.0879285,-0.319385,-0.733333
-1,-0.647059,0.296482,0.0491803,-0.414141,-0.728132,-0.213115,-0.87959,-0.766667
-1,-0.0588235,0.336683,0.180328,-1,-1,-0.019374,-0.836038,-0.4
-1,-0.647059,0.718593,0.180328,-0.333333,-0.680851,-0.00745157,-0.89667,-0.9
-1,-0.411765,0.246231,0.213115,-1,-1,0.0134128,-0.878736,-0.433333
-1,-0.764706,0.00502513,0.0819672,-0.59596,-0.787234,-0.019374,-0.326217,-0.766667
-1,0.0588235,0.648241,0.377049,-0.575758,-1,-0.0819672,-0.35696,-0.633333
-1,0.0588235,0.125628,0.344262,-0.515152,-1,-0.159463,0.028181,-0.0333333
-1,0.0588235,0.708543,0.213115,-0.373737,-1,0.311475,-0.722459,-0.266667
-1,-0.0588235,0.969849,0.245902,-0.414141,-0.338061,0.117735,-0.549957,0.2
-1,-0.529412,0.487437,-0.0163934,-0.454545,-0.248227,-0.0789866,-0.938514,-0.733333
-1,-1,0.467337,0.147541,-1,-1,0.129657,-0.781383,-0.766667
-1,-0.882353,0.175879,0.442623,-0.515152,-0.65721,0.028316,-0.722459,-0.366667
-1,-0.647059,0.939698,0.147541,-0.373737,-1,0.0402385,-0.860803,-0.866667
-1,0.0588235,0.849246,0.393443,-0.69697,-1,-0.105812,-0.030743,-0.0666667
-1,-0.647059,0.306533,0.278689,-0.535354,-0.813239,-0.153502,-0.790777,-0.566667
-1,-0.529412,0.718593,0.180328,-1,-1,0.299553,-0.657558,-0.833333
-1,0.411765,0.517588,0.147541,-0.191919,-0.359338,0.245902,-0.432963,-0.433333
-1,-0.529412,0.175879,0.0163934,-0.757576,-1,-0.114754,-0.742101,-0.7
-1,-0.882353,0.899497,-0.0163934,-0.535354,1,-0.102832,-0.726729,0.266667
-1,-0.882353,0.336683,0.672131,-0.434343,-0.669031,-0.0223547,-0.866781,-0.2
-1,-0.882353,0.447236,0.344262,-0.0707071,-0.574468,0.374069,-0.780529,-0.166667
-1,0.529412,0.58794,0.868852,-1,-1,0.260805,-0.847139,-0.233333
-1,-0.411765,0.879397,0.245902,-0.454545,-0.510638,0.299553,-0.183604,0.0666667
-1,-1,0.809045,0.47541,-0.474747,-0.787234,0.0879285,-0.798463,-0.533333
-1,-1,0.809045,0.0819672,-0.212121,-1,0.251863,0.549957,-0.866667
-1,-1,0.899497,0.704918,-0.494949,-1,0.0223547,-0.695132,-0.333333
-1,0.176471,0.0150754,0.409836,-0.252525,-1,0.359165,-0.0964987,-0.433333
-1,-0.764706,0.979899,0.147541,-0.0909091,0.283688,-0.0909091,-0.931682,0.0666667
-1,-0.176471,0.788945,0.377049,-1,-1,0.18927,-0.783945,-0.333333
-1,-0.529412,0.326633,-1,-1,-1,-0.019374,-0.808711,-0.933333
-1,-0.882353,0.477387,0.540984,-0.171717,-1,0.469449,-0.760888,-0.8
-1,-1,0.316583,0.442623,-1,-1,-0.0581222,-0.432109,-0.633333
-1,-0.882353,0.809045,-1,-1,-1,0.290611,-0.82579,-0.333333
-1,-1,0.819095,0.442623,-0.111111,0.205674,0.290611,-0.877028,-0.833333
-1,-0.294118,0.487437,0.180328,-0.292929,-1,0.00149028,-0.53117,-0.0333333
-1,-0.294118,0.0452261,0.213115,-0.636364,-0.631206,-0.108793,-0.450043,-0.333333
-1,0.0588235,0.19598,0.311475,-0.292929,-1,-0.135618,-0.842015,-0.733333
-1,-0.647059,0.286432,0.180328,-0.494949,-0.550827,-0.0342771,-0.59778,-0.8
-1,-0.882353,0.497487,0.114754,-0.414141,-0.699764,-0.126677,-0.768574,-0.3
-1,-0.0588235,0.889447,0.278689,-1,-1,0.42772,-0.949616,-0.266667
-1,-0.764706,0.979899,0.147541,1,-1,0.0342773,-0.575576,0.366667
-1,-0.176471,0.145729,0.0819672,-1,-1,-0.0223547,-0.846285,-0.3
-1,-0.411765,0.447236,0.344262,-0.474747,-0.326241,-0.0461997,-0.680615,0.233333
-1,-0.529412,0.457286,0.344262,-0.636364,-1,-0.0312965,-0.865927,0.633333
-1,-0.647059,0.738693,0.377049,-0.333333,0.120567,0.0640835,-0.846285,-0.966667
-1,-1,0.19598,-1,-1,-1,-0.0342771,-0.9462,-0.9
-1,0.176471,0.487437,0.377049,-0.030303,-0.439716,0.120715,-0.211785,0
-1,-0.176471,0.819095,0.377049,-0.575758,-0.546099,0.0700448,-0.566183,0
-1,-0.0588235,0.517588,0.278689,-0.353535,-0.503546,0.278689,-0.625961,-0.5
-1,-0.411765,0.668342,0.180328,-0.616162,-0.586288,-0.230999,-0.565329,0
-1,-0.882353,0.688442,0.442623,-0.414141,-1,0.0432191,-0.293766,0.0333333
-1,0.294118,0.557789,0.245902,-0.434343,-0.64539,-0.00745157,0.088813,0
-1,-0.529412,0.236181,0.0163934,-1,-1,-0.0461997,-0.873612,-0.533333
-1,0.411765,0.407035,0.344262,-0.131313,-0.231678,0.168405,-0.615713,0.233333
-1,-0.0588235,0.869347,0.47541,-0.292929,-0.468085,0.028316,-0.70538,-0.466667
-1,-0.647059,0.58794,0.245902,-0.272727,-0.420804,-0.0581222,-0.33988,-0.766667
-1,-0.0588235,0.839196,0.0491803,-1,-1,-0.305514,-0.492741,-0.633333
-1,-0.882353,-0.0452261,0.344262,-0.494949,-0.574468,0.0432191,-0.867635,-0.266667
-1,-0.647059,0.58794,0.147541,-0.393939,-0.224586,0.0581222,-0.772844,-0.533333
-1,-0.294118,0.949749,0.278689,-1,-1,-0.299553,-0.956447,0.266667
-1,-0.882353,-0.115578,-0.508197,-0.151515,-0.765957,0.639344,-0.64304,-0.833333
-1,-0.882353,0.256281,-0.180328,-0.191919,-0.605201,-0.00745157,-0.24509,-0.766667
-1,-0.764706,-0.0653266,0.0491803,-0.353535,-0.621749,0.132638,-0.491033,-0.933333
-1,-1,0.316583,-1,-1,-1,0.28763,-0.836038,-0.833333
-1,-0.647059,-0.19598,0.344262,-0.373737,-0.834515,0.0193741,0.0367208,-0.8
-1,-0.176471,0.59799,0.0819672,-1,-1,-0.0938897,-0.739539,-0.5
-1,-0.294118,0.155779,-0.0163934,-0.212121,-1,0.004471,-0.857387,-0.366667
-1,-0.294118,0.0251256,0.344262,-1,-1,-0.0819672,-0.912895,-0.5
-1,-0.764706,0.748744,0.442623,-0.252525,-0.716312,0.326379,-0.514944,-0.9
-1,-0.411765,0.165829,0.213115,-0.414141,-1,-0.0372578,-0.502989,-0.533333
-1,0.0588235,0.226131,-0.0819672,-1,-1,-0.00745157,-0.115286,-0.6
-1,-0.647059,0.768844,0.409836,-0.454545,-0.631206,-0.00745157,-0.0811272,0.0333333
-1,-0.764706,0.0854271,0.311475,-1,-1,-0.195231,-0.845431,0.0333333
-1,-0.176471,0.296482,0.114754,-0.010101,-0.704492,0.147541,-0.691716,-0.266667
-1,-0.764706,0.58794,0.47541,-1,-1,-0.0581222,-0.379163,0.5
-1,-0.0588235,0.256281,0.57377,-1,-1,-1,-0.868488,0.1
-1,-0.176471,0.0954774,0.311475,-0.373737,-1,0.0700448,-0.104184,-0.266667
-1,-0.529412,0.346734,0.180328,-1,-1,-0.290611,-0.83006,0.3
-1,-0.176471,0.477387,0.245902,-1,-1,0.174367,-0.847139,-0.266667
-1,-0.176471,0.879397,0.114754,-0.212121,-0.281324,0.123696,-0.849701,-0.333333
-1,-1,-0.0452261,0.393443,-0.494949,-0.914894,0.114754,-0.855679,-0.9
-1,-0.176471,0.60804,-0.114754,-0.353535,-0.586288,-0.0909091,-0.564475,-0.4
-1,-1,0.407035,0.0655738,-0.474747,-0.692671,0.269747,-0.698548,-0.9
-1,-1,0.0452261,0.0491803,-0.252525,-0.8487,0.00149028,-0.631085,-0.966667
-1,0.0588235,0.457286,0.442623,-0.313131,-0.609929,-0.0968703,-0.408198,0.0666667
-1,-0.176471,0.849246,0.377049,-0.333333,-1,0.0581222,-0.76345,-0.333333
-1,-0.529412,0.447236,0.344262,-0.353535,-1,0.147541,-0.59351,-0.466667
-1,0.529412,0.266332,0.47541,-1,-1,0.293592,-0.568745,-0.3
-1,-1,0.0552764,0.377049,-1,-1,-0.168405,-0.433817,0.366667
-1,-1,0.417085,-1,-1,-1,0.263785,-0.891546,-0.733333
-1,-0.882353,0.678392,0.213115,-0.656566,-0.659574,-0.302534,-0.684885,-0.6
-1,-1,0.798995,0.47541,-0.454545,-1,0.314456,-0.480786,-0.933333
-1,-0.176471,0.0653266,-0.0163934,-0.515152,-1,-0.210134,-0.813834,-0.733333
-1,-1,0.628141,0.245902,0.131313,-0.763593,0.585693,-0.418446,-0.866667
-1,0.0588235,0.0251256,0.245902,-0.252525,-1,-0.019374,-0.498719,-0.166667
-1,-1,0.376884,-0.344262,-0.292929,-0.602837,0.28465,0.887276,-0.6
-1,-0.882353,0.226131,0.47541,0.030303,-0.479905,0.481371,-0.789069,-0.666667
-1,-0.882353,0.266332,-0.0163934,-1,-1,-0.102832,-0.768574,-0.133333
-1,-0.764706,0.557789,0.213115,-0.656566,-0.77305,-0.207153,-0.69684,-0.8
-1,-1,0.0753769,0.0163934,-0.393939,-0.825059,0.0909091,-0.420154,-0.866667
-1,-0.647059,0.326633,0.311475,-1,-1,0.0253354,-0.723313,-0.233333
-1,0.411765,-0.155779,0.180328,-0.373737,-1,-0.114754,-0.81298,-0.166667
-1,-0.176471,0.0351759,0.0819672,-0.353535,-1,0.165425,-0.772844,-0.666667
-1,-0.176471,0.969849,0.47541,-1,-1,0.186289,-0.681469,-0.333333
-1,-1,0.356784,0.114754,-0.151515,-0.408983,0.260805,-0.75491,-0.9
-1,-0.0588235,0.678392,0.737705,-0.0707071,-0.453901,0.120715,-0.925705,-0.266667
-1,-1,0.778894,-0.0163934,-0.414141,0.130024,0.0312965,-0.151153,-1
-1,-0.294118,0.959799,0.147541,-1,-1,-0.0789866,-0.786507,-0.666667
-1,-1,0.457286,-1,-1,-1,0.317437,-0.528608,-0.666667
-1,-0.176471,0.00502513,-1,-1,-1,-0.105812,-0.653288,-0.633333
-1,-0.882353,0.19598,0.409836,-0.212121,-0.479905,0.359165,-0.376601,-0.733333
-1,-0.647059,0.417085,-1,-1,-1,-0.105812,-0.416738,-0.8
-1,0.176471,0.256281,0.147541,-0.474747,-0.728132,-0.0730253,-0.891546,-0.333333
-1,-0.882353,0.0251256,0.213115,-1,-1,0.177347,-0.816396,-0.3
-1,-0.411765,-0.0251256,0.245902,-0.454545,-1,0.0611028,-0.743809,0.0333333
-1,-0.294118,0.256281,0.278689,-0.373737,-1,-0.177347,-0.584116,-0.0666667
-1,-0.647059,0.748744,-0.0491803,-0.555556,-0.541371,-0.019374,-0.560205,-0.5
-1,-1,0.98995,0.0819672,-0.353535,-0.352246,0.230999,-0.637916,-0.766667
-1,-0.294118,0.477387,0.311475,-1,-1,-0.120715,-0.914603,-0.0333333
-1,-0.764706,0.346734,0.147541,-1,-1,-0.138599,-0.603757,-0.933333
-1,-0.882353,0.226131,0.0491803,-0.353535,-0.631206,0.0461997,-0.475662,-0.7
-1,-0.0588235,0.979899,0.213115,-1,-1,-0.228018,-0.0495303,-0.4
-1,0.529412,0.296482,-1,-0.393939,-1,0.18927,-0.5807,-0.233333
-1,0.0588235,0.567839,0.409836,-1,-1,-0.260805,-0.870196,0.0666667
-1,-0.176471,0.61809,0.409836,-1,-1,-0.0938897,-0.925705,-0.133333
-1,0.0588235,0.407035,0.540984,-1,-1,-0.0253353,-0.439795,-0.2
-1,-0.0588235,0.557789,0.0163934,-0.474747,0.170213,0.0134128,-0.602904,-0.166667
-1,-1,0.809045,0.278689,0.272727,-0.966903,0.770492,1,-0.866667
-1,-0.882353,0.728643,0.114754,-0.010101,0.368794,0.263785,-0.467122,-0.766667
-1,-0.176471,-0.0251256,0.245902,-0.353535,-0.78487,0.219076,-0.322801,-0.633333
-1,-0.0588235,0.437186,0.0819672,-1,-1,0.0402385,-0.956447,-0.333333
-1,-1,0.286432,0.114754,-0.616162,-0.574468,-0.0909091,0.121264,-0.866667
-1,0.294118,0.386935,0.213115,-0.474747,-0.659574,0.0760059,-0.590948,-0.0333333
-1,-0.882353,0.819095,0.278689,-0.151515,-0.307329,0.19225,0.00768574,-0.966667
-1,-0.882353,1,0.245902,-0.131313,-1,0.278689,0.123826,-0.966667
-1,-1,0.236181,0.180328,-1,-1,0.0819672,-0.846285,0.0333333
-1,-1,0.135678,0.245902,-1,-1,-0.00745157,-0.829206,-0.933333
-1,-0.411765,0.306533,0.344262,-1,-1,0.165425,-0.250213,-0.466667
-1,-0.529412,0.58794,0.278689,-1,-1,-0.019374,-0.380871,-0.666667
-1,-1,0.798995,-0.180328,-0.272727,-0.624113,0.126677,-0.678053,-0.966667
-1,-0.0588235,0.0552764,0.639344,-0.272727,-1,0.290611,-0.862511,-0.2
-1,-0.411765,0.899497,0.0491803,-0.333333,-0.231678,-0.0700447,-0.568745,-0.733333
-1,-0.647059,0.396985,-0.114754,-1,-1,-0.23696,-0.723313,-0.966667
-1,-0.529412,0.256281,0.311475,-1,-1,-0.0372578,-0.608881,-0.8
-1,-1,0.517588,0.47541,-0.0707071,-1,0.254843,-0.749787,-1
-1,-1,0.386935,-1,-1,-1,0.0819672,-0.269855,-0.866667
-1,-0.647059,0.829146,0.213115,-1,-1,-0.0909091,-0.77199,-0.733333
-1,-0.764706,0.0552764,0.311475,-0.0909091,-0.548463,0.004471,-0.459436,-0.733333
-1,-0.529412,0.366834,0.147541,-1,-1,-0.0700447,-0.0572161,-0.966667
-1,-1,0.316583,0.0819672,-0.191919,-1,0.0223547,-0.899231,-0.966667
-1,-0.647059,0.125628,0.213115,-0.393939,-1,-0.0581222,-0.898377,-0.866667
-1,-0.647059,0.21608,-0.147541,-1,-1,0.0730254,-0.958155,-0.866667
-1,-0.411765,0.366834,0.377049,-0.171717,-0.791962,0.0432191,-0.822374,-0.533333
-1,0.294118,0.437186,0.540984,-0.333333,-0.654846,0.0909091,-0.849701,0
-1,-1,0.296482,0.803279,-0.0707071,-0.692671,1,-0.794193,-0.833333
-1,-0.411765,0.668342,0.245902,-1,-1,0.362146,-0.77626,-0.8
-1,-1,0.0954774,0.442623,-0.393939,-1,-0.0312965,-0.336465,-0.433333
-1,0.764706,0.366834,0.147541,-0.353535,-0.739953,0.105812,-0.935952,-0.266667
-1,-0.0588235,0.798995,0.180328,-0.151515,-0.692671,-0.0253353,-0.452605,-0.5
-1,-0.882353,0.135678,0.0491803,-0.292929,-1,0.00149028,-0.602904,-1
-1,-0.647059,0.738693,0.344262,-0.030303,0.0992908,0.14456,0.758326,-0.866667
-1,0.647059,0.758794,0.0163934,-0.393939,-1,0.00149028,-0.885568,-0.433333
-1,-0.647059,0.698492,0.213115,-0.616162,-0.704492,-0.108793,-0.837746,-0.666667
-1,-0.0588235,0.0954774,0.245902,-0.212121,-0.730496,-0.168405,-0.520068,-0.666667
-1,-0.294118,0.246231,0.180328,-1,-1,-0.177347,-0.752348,-0.733333
-1,-0.647059,-0.21608,-0.180328,-0.353535,-0.791962,-0.0760059,-0.854825,-0.833333
-1,-0.0588235,0.0854271,0.147541,-1,-1,-0.0909091,-0.251067,-0.6
-1,-0.294118,0.256281,0.245902,-1,-1,0.00745157,-0.963279,0.1
-1,-1,0.246231,0.147541,-0.59596,-1,-0.183308,-0.849701,-0.5
-1,0.0588235,0.125628,0.344262,-0.353535,-0.586288,0.0193741,-0.844577,-0.5
