+1,-0.882353,-0.105528,-0.606557,-0.616162,-0.940898,-0.171386,-0.58924,-1
+1,-0.882353,0.0150754,-0.180328,-0.69697,-0.914894,-0.278688,-0.617421,-0.833333
+1,-1,0.296482,0.311475,-1,-1,-0.0700447,-0.466268,-0.733333
+1,0.176471,0.798995,0.147541,-1,-1,0.0461997,-0.895816,-0.466667
+1,-0.882353,-0.286432,-0.213115,-0.636364,-0.820331,-0.391952,-0.790777,-0.966667
+1,-0.882353,-0.0452261,0.0819672,-0.737374,-0.910165,-0.415797,-0.781383,-0.866667
+1,-0.764706,0.125628,0.409836,-0.151515,-0.621749,0.14456,-0.856533,-0.766667
+1,-0.882353,0.00502513,0.0819672,-0.414141,-0.536643,-0.0461997,-0.687447,-0.3
+1,-0.882353,-1,-0.213115,-0.59596,-1,-0.263785,-0.947054,-0.966667
+1,-0.764706,0.236181,-0.213115,-0.353535,-0.609929,0.254843,-0.622545,-0.833333
+1,-0.764706,0.467337,0.245902,-0.292929,-0.541371,0.138599,-0.785653,-0.733333
+1,0.0588235,0.246231,0.147541,-0.333333,-0.0496454,0.0551417,-0.82579,-0.566667
+1,-0.529412,0.276382,0.442623,-0.777778,-0.63357,0.028316,-0.555935,-0.766667
+1,-0.647059,-0.256281,0.114754,-0.434343,-0.893617,-0.114754,-0.816396,-0.933333
+1,-0.0588235,-0.346734,0.180328,-0.535354,-1,-0.0461997,-0.554227,-0.3
+1,-0.411765,0.477387,0.278689,-1,-1,0.004471,-0.880444,0.466667
+1,-0.764706,0.0653266,-0.0819672,-0.454545,-0.609929,-0.135618,-0.702818,-0.966667
+1,-0.882353,-0.19598,-0.0983607,-1,-1,-0.4307,-0.846285,-1
+1,-0.647059,-0.0351759,0.278689,-0.212121,-1,0.111773,-0.863365,-0.366667
+1,-0.529412,0.376884,0.377049,-1,-1,-0.0700447,-0.851409,-0.7
+1,-0.294118,0.0854271,-0.278689,-0.59596,-0.692671,-0.28465,-0.372331,-0.533333
+1,-0.529412,0.296482,0.409836,-0.59596,-0.361702,0.0461997,-0.869342,-0.933333
+1,-0.764706,0.175879,0.47541,-0.616162,-0.832151,-0.248882,-0.799317,-1
+1,-0.764706,0.306533,0.57377,-1,-1,-0.326379,-0.837746,-1
+1,-0.764706,-0.125628,-1,-0.535354,-1,-0.138599,-0.40649,-0.866667
+1,-0.882353,0.246231,-0.0163934,-0.353535,-1,0.0670641,-0.627669,-1
+1,-0.764706,-0.105528,0.47541,-0.393939,-1,-0.00149028,-0.81725,-0.3
+1,-0.882353,-0.0351759,0.0491803,-0.454545,-0.794326,-0.0104321,-0.819812,-1
+1,-0.882353,0.0954774,-0.377049,-0.636364,-0.716312,-0.311475,-0.719044,-0.833333
+1,-0.764706,0.00502513,-0.114754,-0.434343,-0.751773,0.126677,-0.641332,-0.9
+1,0.176471,0.396985,0.311475,-1,-1,-0.19225,0.163962,0.2
+1,-0.882353,-0.0954774,0.0163934,-0.757576,-0.898345,-0.18927,-0.571307,-0.9
+1,-0.176471,0.366834,0.47541,-1,-1,-0.108793,-0.887276,-0.0333333
+1,-1,0.276382,0.311475,-0.252525,-0.503546,0.0819672,-0.380017,-0.933333
+1,-0.647059,-0.115578,-0.0491803,-0.777778,-0.87234,-0.260805,-0.838599,-0.966667
+1,-0.294118,-0.145729,0.278689,-1,-1,-0.0700447,-0.740393,-0.3
+1,-1,0.658291,0.47541,-0.333333,0.607565,0.558867,-0.701964,-0.933333
+1,-1,-0.0552764,-1,-1,-1,-1,-0.847993,-0.866667
+1,-0.764706,0.296482,-1,-1,-1,0.147541,-0.807003,-0.333333
+1,-0.529412,0.105528,0.245902,-0.59596,-0.763593,-0.153502,-0.965841,-0.8
+1,-0.764706,0.286432,0.0491803,-0.151515,-1,0.19225,-0.126388,-0.9
+1,-0.882353,-0.135678,0.0819672,0.0505051,-0.846336,0.230999,-0.283518,-0.733333
+1,-0.764706,-0.18593,-0.0163934,-0.555556,-1,-0.174367,-0.818958,-0.866667
+1,-0.764706,-0.115578,0.213115,-0.616162,-0.874704,-0.135618,-0.87105,-0.966667
+1,-0.764706,-0.0954774,0.147541,-0.656566,-1,-0.186289,-0.994022,-0.966667
+1,0.0588235,-0.427136,0.311475,-0.252525,-1,-0.0223547,-0.984629,-0.333333
+1,-1,0.236181,0.442623,-0.252525,-1,0.0491804,-0.898377,-0.733333
+1,-0.411765,0.266332,0.278689,-0.454545,-0.947991,-0.117735,-0.691716,-0.366667
+1,-0.882353,0.437186,0.409836,-0.393939,-0.219858,-0.102832,-0.304868,-0.933333
+1,0.176471,0.155779,0.606557,-1,-1,-0.28465,-0.193851,-0.566667
+1,-0.764706,0.155779,0.0491803,-0.555556,-1,-0.0819672,-0.707088,-1
+1,-1,0.0753769,0.245902,-1,-1,0.350224,-0.480786,-0.9
+1,-1,-0.0452261,0.0491803,-0.212121,-0.751773,0.329359,-0.754056,-0.966667
+1,-1,0.0251256,0.278689,-0.191919,-0.787234,0.028316,-0.863365,-0.9
+1,-1,0.0150754,0.0163934,-1,-1,-0.347243,-0.779675,-0.866667
+1,-0.882353,0.437186,0.377049,-0.535354,-0.267139,0.263785,-0.147737,-0.966667
+1,-0.882353,-0.0653266,0.147541,-0.373737,-1,-0.0938897,-0.797609,-0.933333
+1,-0.764706,-0.00502513,-0.147541,-0.69697,-0.777778,-0.266766,-0.52263,-1
+1,-0.764706,0.125628,0.278689,0.010101,-0.669031,0.174367,-0.917165,-0.9
+1,-0.0588235,-0.0452261,0.180328,-1,-1,0.0968703,-0.652434,0.2
+1,-0.764706,0.00502513,0.147541,0.0505051,-0.865248,0.207154,-0.488471,-0.866667
+1,-0.647059,0.135678,-0.180328,-0.79798,-0.799054,-0.120715,-0.532024,-0.866667
+1,-0.882353,0.19598,0.442623,-0.171717,-0.598109,0.350224,-0.633646,-0.833333
+1,-0.411765,0.236181,0.213115,-0.191919,-0.817967,0.0163934,-0.836892,-0.766667
+1,-1,-0.0552764,0.147541,-0.454545,-0.728132,0.296572,-0.770282,-1
+1,-0.411765,-0.00502513,-0.114754,-0.434343,-0.803783,0.0134128,-0.640478,-0.7
+1,-1,0.175879,0.0819672,-0.373737,-0.555556,-0.0819672,-0.645602,-0.966667
+1,-0.647059,-0.155779,0.180328,-0.353535,-1,0.108793,-0.838599,-0.766667
+1,-0.647059,0.0653266,0.180328,-1,-1,-0.230999,-0.889838,-0.8
+1,-0.529412,0.467337,0.393443,-0.454545,-0.763593,-0.138599,-0.905209,-0.8
+1,-0.529412,0.226131,0.114754,-1,-1,0.0432191,-0.730145,-0.733333
+1,-0.882353,0.21608,0.278689,-0.212121,-0.825059,0.162444,-0.843723,-0.766667
+1,-0.882353,-0.0954774,0.114754,-0.838384,-1,-0.269747,-0.0947908,-0.5
+1,-0.0588235,-0.0854271,0.344262,-1,-1,0.0611028,-0.565329,0.566667
+1,-1,-0.0251256,0.0491803,-0.272727,-0.763593,0.0968703,-0.554227,-0.866667
+1,-0.294118,-0.0653266,-0.180328,-0.393939,-0.8487,-0.14456,-0.762596,-0.933333
+1,-0.764706,-0.18593,0.180328,-0.69697,-0.820331,-0.102832,-0.599488,-0.866667
+1,-0.882353,-0.0251256,0.0819672,-0.69697,-0.669031,-0.308495,-0.650726,-0.966667
+1,-0.882353,0.125628,0.180328,-0.393939,-0.583924,0.0253354,-0.615713,-0.866667
+1,-0.882353,-0.0954774,0.0163934,-0.636364,-0.86052,-0.251863,0.0162254,-0.866667
+1,-0.176471,0.246231,0.147541,-0.333333,-0.491726,-0.23994,-0.92912,-0.466667
+1,-0.882353,0.19598,-0.278689,-0.0505051,-0.851064,0.0581222,-0.827498,-0.866667
+1,0.0588235,-0.105528,0.0163934,-1,-1,-0.329359,-0.945346,-0.6
+1,-0.764706,0.0854271,0.0163934,-0.353535,-0.867612,-0.248882,-0.957301,-1
+1,-1,0.175879,-1,-1,-1,0.00745157,-0.270709,-0.233333
+1,0.411765,0.21608,0.278689,-0.656566,-1,-0.210134,-0.845431,0.366667
+1,-0.764706,0.125628,0.0819672,-0.555556,-1,-0.254843,-0.804441,-0.9
+1,0.176471,-0.246231,0.344262,-1,-1,-0.00745157,-0.842015,-0.433333
+1,-0.882353,-0.0653266,-0.0819672,-0.777778,-1,-0.329359,-0.710504,-0.966667
+1,-0.764706,0.19598,-1,-1,-1,-0.415797,-0.356106,0.7
+1,-1,0.0854271,0.114754,-0.59596,-1,-0.186289,-0.394535,-0.633333
+1,-0.882353,0.0552764,-0.0491803,-1,-1,-0.275708,-0.906917,-1
+1,-0.294118,-0.0854271,-1,-1,-1,-0.111773,-0.63877,-0.666667
+1,-0.647059,0.306533,0.0491803,-1,-1,-0.311475,-0.798463,-0.966667
+1,0.0588235,0.0653266,-0.147541,-1,-1,-0.0700447,-0.742101,-0.3
+1,-0.647059,0.00502513,0.114754,-0.535354,-0.808511,-0.0581222,-0.256191,-0.766667
+1,-1,0.20603,0.213115,-0.636364,-0.851064,-0.0909091,-0.823228,-0.833333
+1,-0.882353,0.0854271,-0.0163934,-0.0707071,-0.579196,0.0581222,-0.712212,-0.9
+1,-0.647059,-0.00502513,0.0163934,-0.616162,-0.825059,-0.350224,-0.828352,-0.833333
+1,-0.882353,0.00502513,0.0819672,-0.69697,-0.867612,-0.296572,-0.497865,-0.833333
+1,-0.0588235,0.18593,0.180328,-0.616162,-1,-0.311475,0.193851,-0.166667
+1,-0.294118,-0.0351759,-1,-1,-1,-0.293592,-0.904355,-0.766667
+1,-0.411765,-0.115578,0.278689,-0.393939,-1,-0.177347,-0.846285,-0.466667
+1,0.0588235,-0.276382,0.278689,-0.494949,-1,-0.0581222,-0.827498,-0.433333
+1,-0.294118,-0.19598,0.311475,-0.272727,-1,0.186289,-0.915457,-0.766667
+1,-0.411765,0.115578,0.180328,-0.434343,-1,-0.28763,-0.719044,-0.8
+1,-0.529412,-0.0854271,0.147541,-0.353535,-0.791962,-0.0134128,-0.685739,-0.966667
+1,-0.529412,-0.145729,-0.0491803,-0.555556,-0.884161,-0.171386,-0.805295,-0.766667
+1,-0.647059,0.256281,-0.0491803,-1,-1,-0.0581222,-0.93766,-0.9
+1,-0.647059,0.226131,0.278689,-1,-1,-0.314456,-0.849701,-0.366667
+1,-0.411765,0.286432,0.311475,-1,-1,0.0312965,-0.943638,-0.2
+1,-0.882353,0.467337,-0.0819672,-1,-1,-0.114754,-0.58497,-0.733333
+1,-1,0.256281,0.114754,-1,-1,-0.263785,-0.890692,-1
+1,-1,-0.0854271,0.311475,-1,-1,-0.0342771,-0.553373,-0.8
+1,-1,-0.0854271,0.114754,-0.353535,-0.503546,0.18927,-0.741247,-0.866667
+1,-0.529412,0.145729,0.0491803,-1,-1,-0.138599,-0.959009,-0.9
+1,-0.0588235,0.266332,0.442623,-0.272727,-0.744681,0.147541,-0.768574,-0.0666667
+1,-0.294118,0.839196,0.540984,-1,-1,0.216095,0.181042,-0.2
+1,-0.882353,-0.0452261,-0.0163934,-0.636364,-0.862884,-0.28763,-0.844577,-0.966667
+1,-0.294118,0.0552764,0.147541,-0.353535,-0.839243,-0.0819672,-0.962425,-0.466667
+1,-0.764706,-0.0150754,-0.0163934,-0.656566,-0.716312,0.0342773,-0.897523,-0.966667
+1,-0.529412,-0.0753769,0.311475,-1,-1,0.257824,-0.864219,-0.733333
+1,-0.882353,-0.115578,0.278689,-0.414141,-0.820331,-0.0461997,-0.75491,-0.733333
+1,-0.411765,0.0452261,0.213115,-1,-1,-0.14158,-0.935952,-0.1
+1,-0.294118,0.0351759,0.180328,-0.353535,-0.550827,0.123696,-0.789923,0.133333
+1,-0.764706,-0.0552764,0.114754,-0.636364,-0.820331,-0.225037,-0.587532,-1
+1,-1,0.266332,0.377049,-0.414141,-0.491726,-0.0849478,-0.622545,-0.9
+1,0.294118,0.386935,0.245902,-1,-1,-0.0104321,-0.707942,-0.533333
+1,0.176471,0.226131,0.114754,-1,-1,-0.0700447,-0.846285,-0.333333
+1,-0.764706,-0.246231,0.0491803,-0.515152,-0.869976,-0.114754,-0.75064,-0.6
+1,-1,-0.155779,0.344262,-0.373737,-0.704492,0.138599,-0.867635,-0.933333
+1,-0.647059,0.115578,0.47541,-0.757576,-0.815603,-0.153502,-0.643894,-0.733333
+1,-0.882353,0.437186,0.213115,-0.555556,-0.855792,-0.219076,-0.847993,-1
+1,-0.529412,0.0351759,-0.0163934,-0.333333,-0.546099,-0.28465,-0.241674,-0.6
+1,-1,0.61809,-0.180328,-1,-1,-0.347243,-0.849701,0.466667
+1,-0.882353,0.175879,-0.0163934,-0.535354,-0.749409,0.00745157,-0.668659,-0.8
+1,-0.529412,0.477387,0.213115,-0.494949,-0.307329,0.0402385,-0.737831,-0.7
+1,-0.411765,0.175879,0.409836,-0.393939,-0.751773,0.165425,-0.852263,-0.3
+1,-0.882353,0.407035,0.213115,-0.474747,-0.574468,-0.281669,-0.359522,-0.933333
+1,-0.882353,0.577889,0.180328,-0.575758,-0.602837,-0.23696,-0.961571,-0.9
+1,0.0588235,0.236181,0.147541,-0.111111,-0.777778,-0.0134128,-0.747225,-0.366667
+1,-0.647059,0.0351759,0.180328,-0.393939,-0.640662,-0.177347,-0.443211,-0.8
+1,-0.647059,0.0251256,0.213115,-1,-1,-0.120715,-0.963279,-0.633333
+1,-0.529412,-0.0452261,-0.0163934,-0.353535,-1,0.0551417,-0.824082,-0.766667
+1,0.0588235,0.346734,0.213115,-0.333333,-0.858156,-0.228018,-0.673783,1
+1,-0.0588235,-0.155779,0.213115,-0.373737,-1,0.14158,-0.676345,-0.4
+1,-0.411765,0.21608,0.180328,-0.535354,-0.735225,-0.219076,-0.857387,-0.7
+1,-1,0.266332,0.409836,-0.454545,-0.716312,-0.183308,-0.626815,-1
+1,-0.764706,0.115578,-0.0163934,-1,-1,-0.219076,-0.773698,-0.933333
+1,-0.882353,-0.0753769,0.0163934,-0.494949,-0.903073,-0.418778,-0.654996,-0.866667
+1,-0.0588235,0.20603,0.278689,-1,-1,-0.254843,-0.717336,0.433333
+1,-0.882353,-0.0251256,0.147541,-0.191919,-1,0.135618,-0.880444,-0.7
+1,-0.882353,0.0854271,0.442623,-0.616162,-1,-0.19225,-0.725021,-0.9
+1,-0.294118,0.296482,0.47541,-0.858586,-0.229314,-0.415797,-0.569599,0.3
+1,-0.764706,-0.165829,0.0655738,-0.434343,-0.843972,0.0968703,-0.529462,-0.9
+1,-1,0.527638,0.344262,-0.212121,-0.356974,0.23696,-0.836038,-0.8
+1,-0.764706,-0.00502513,-0.0163934,-0.656566,-0.621749,0.0909091,-0.679761,-1
+1,-0.764706,0.0753769,0.213115,-0.393939,-0.763593,0.00149028,-0.721605,-0.933333
+1,-0.882353,-1,0.213115,-0.59596,-0.945626,-0.174367,-0.811272,-1
+1,-0.647059,0.286432,0.278689,-1,-1,-0.371088,-0.837746,0.133333
+1,-0.294118,0.547739,0.278689,-0.171717,-0.669031,0.374069,-0.578992,-0.8
+1,-1,0.658291,0.245902,-0.131313,-0.397163,0.42772,-0.845431,-0.833333
+1,-0.411765,0.145729,0.213115,-1,-1,-0.257824,-0.431255,0.2
+1,-0.411765,0.165829,0.213115,-1,-1,-0.23696,-0.894962,-0.7
+1,-1,0.115578,0.0655738,-1,-1,-0.266766,-0.502989,-0.666667
+1,-0.647059,-0.155779,0.114754,-0.393939,-0.749409,-0.0491803,-0.561913,-0.866667
+1,-1,0.0150754,0.245902,-1,-1,0.0640835,-0.897523,-0.833333
+1,-0.647059,-0.105528,0.213115,-0.676768,-0.799054,-0.0938897,-0.596072,-0.433333
+1,-0.294118,0.256281,0.114754,-0.393939,-0.716312,-0.105812,-0.670367,-0.633333
+1,-0.176471,0.336683,0.377049,-1,-1,0.198212,-0.472246,-0.466667
+1,-0.882353,0.0351759,-0.508197,-0.232323,-0.803783,0.290611,-0.910333,-0.6
+1,-1,0.326633,0.278689,-1,-1,-0.0342771,-0.730999,-1
+1,-0.294118,-0.19598,0.0819672,-0.393939,-1,-0.219076,-0.799317,-0.333333
+1,-0.411765,0.326633,0.311475,-1,-1,-0.201192,-0.907771,0.6
+1,-0.882353,-0.286432,0.278689,0.010101,-0.893617,-0.0104321,-0.706234,-1
+1,-0.294118,0.547739,0.213115,-0.353535,-0.543735,-0.126677,-0.350128,-0.4
+1,-0.882353,-0.0452261,0.213115,-0.575758,-0.827423,-0.228018,-0.491887,-0.5
+1,-0.882353,-0.18593,0.180328,-0.636364,-0.905437,-0.207153,-0.824936,-0.9
+1,-0.764706,0.20603,-0.114754,-1,-1,-0.201192,-0.678053,-0.8
+1,-0.176471,0.0251256,0.213115,-0.191919,-0.751773,0.108793,-0.8924,-0.2
+1,-1,0.376884,0.114754,-0.717172,-0.650118,-0.260805,-0.944492,-1
+1,-0.0588235,-0.256281,0.147541,-0.191919,-0.884161,0.052161,-0.46456,-0.4
+1,-0.0588235,0.0753769,0.311475,-1,-1,-0.266766,-0.335611,-0.566667
+1,-0.294118,0.0552764,0.311475,-0.434343,-1,-0.0312965,-0.316823,-0.833333
+1,-0.647059,-0.175879,0.147541,-1,-1,-0.371088,-0.734415,-0.866667
+1,-0.529412,0.316583,0.114754,-0.575758,-0.607565,-0.0134128,-0.929974,-0.766667
+1,-0.529412,-0.0954774,0.442623,-0.0505051,-0.87234,0.123696,-0.757472,-0.733333
+1,-0.882353,0.447236,0.344262,-0.191919,-1,0.230999,-0.548249,-0.766667
+1,-0.764706,0.0954774,0.508197,-1,-1,0.272727,-0.345004,0.1
+1,-0.882353,-0.19598,0.213115,-0.777778,-0.858156,-0.105812,-0.616567,-0.966667
+1,-0.764706,0.276382,-0.0491803,-0.515152,-0.349882,-0.174367,0.299744,-0.866667
+1,-0.411765,0.58794,0.147541,-1,-1,-0.111773,-0.889838,0.4
+1,-1,0.0251256,0.229508,-0.535354,-1,-1,-0.578138,-1
+1,-0.647059,0.919598,0.114754,-0.69697,-0.692671,-0.0789866,-0.811272,-0.566667
+1,-1,0.0653266,0.147541,-0.252525,-0.650118,0.174367,-0.549957,-0.966667
+1,-0.882353,0.356784,-0.114754,-1,-1,-0.204173,-0.479932,0.366667
+1,-0.882353,0.00502513,0.213115,-0.757576,-0.891253,-0.418778,-0.939368,-0.766667
+1,-0.294118,0.0251256,0.47541,-0.212121,-1,0.0640835,-0.491033,-0.766667
+1,-0.411765,0.0552764,0.180328,-0.414141,-0.231678,0.0998511,-0.930828,-0.766667
+1,-1,0.738693,0.278689,-0.353535,-0.373522,0.385991,-0.0768574,0.233333
+1,-1,-0.135678,0.114754,-0.353535,-1,0.0670641,-0.863365,-0.866667
+1,-1,-0.0653266,0.639344,-0.212121,-0.829787,0.293592,-0.194705,-0.533333
+1,-0.529412,0.105528,0.508197,-1,-1,0.120715,-0.903501,-0.7
+1,-0.764706,0.276382,-0.245902,-0.575758,-0.208038,0.0253354,-0.916311,-0.966667
+1,-0.882353,-0.145729,0.0819672,-0.414141,-1,-0.207153,-0.766866,-0.666667
+1,-1,-0.0150754,0.344262,-0.69697,-0.801418,-0.248882,-0.811272,-0.966667
+1,-1,0.417085,0.377049,-0.474747,-1,-0.0342771,-0.69684,-0.966667
+1,-0.647059,0.155779,0.0819672,-0.212121,-0.669031,0.135618,-0.938514,-0.766667
+1,-0.176471,0.507538,0.0819672,-0.151515,-0.191489,0.0342773,-0.453459,-0.3
+1,-0.411765,-0.135678,0.114754,-0.434343,-0.832151,-0.0998509,-0.755764,-0.9
+1,0.411765,-0.115578,0.213115,-0.191919,-0.87234,0.052161,-0.743809,-0.1
+1,-0.882353,0.125628,0.311475,-0.0909091,-0.687943,0.0372578,-0.881298,-0.9
+1,-0.529412,-0.0452261,0.147541,-0.353535,-1,-0.0432191,-0.54398,-0.9
+1,-0.529412,0.417085,0.213115,-1,-1,-0.177347,-0.858241,-0.366667
+1,-0.764706,0.105528,0.213115,-0.414141,-0.704492,-0.0342771,-0.470538,-0.8
+1,-0.411765,0.557789,0.377049,-0.111111,0.288416,0.153502,-0.538002,-0.566667
+1,-0.882353,0.386935,0.344262,-1,-1,0.195231,-0.865073,-0.766667
+1,0.176471,0.0150754,0.245902,-0.030303,-0.574468,-0.019374,-0.920581,0.4
+1,-1,0.0552764,0.0491803,-0.171717,-0.664303,0.23696,-0.918873,-0.966667
+1,-0.411765,0.105528,0.114754,-1,-1,-0.225037,-0.81725,-0.7
+1,-0.764706,-0.155779,-1,-1,-1,-1,-0.807003,-1
+1,-0.882353,0.537688,0.344262,-0.151515,0.146572,0.210134,-0.479932,-0.933333
+1,-1,0.477387,0.393443,0.0909091,-1,0.275708,-0.746371,-0.9
+1,0.529412,0.0653266,0.180328,0.0909091,-1,0.0909091,-0.914603,-0.2
+1,-0.294118,0.0753769,0.442623,-1,-1,0.0968703,-0.445773,-0.666667
+1,-0.882353,0.939698,-0.180328,-0.676768,-0.113475,-0.228018,-0.507259,-0.9
+1,-0.294118,0.658291,0.114754,-0.474747,-0.602837,0.00149028,-0.527754,-0.0666667
+1,-1,0.0552764,0.47541,-1,-1,-0.117735,-0.898377,-0.166667
+1,-0.764706,-0.0753769,0.0163934,-0.434343,-1,-0.0581222,-0.955594,-0.9
+1,-0.647059,0.507538,0.245902,-1,-1,-0.374069,-0.889838,-0.466667
+1,-0.882353,0.246231,0.213115,-0.272727,-1,-0.171386,-0.981213,-0.7
+1,-0.529412,0.979899,0.147541,-0.212121,0.758865,0.0938898,0.922289,-0.666667
+1,0.294118,0.276382,0.737705,-1,-1,0.162444,-0.904355,0
+1,-0.176471,0.366834,0.213115,-0.474747,-0.680851,-0.225037,-0.514091,0
+1,-0.647059,-0.0351759,-0.0819672,-0.313131,-0.728132,-0.263785,-0.260461,-0.4
+1,0.176471,0.336683,0.114754,-1,-1,-0.195231,-0.857387,-0.5
+1,-0.176471,0.19598,-1,-1,-1,-0.248882,-0.88813,-0.466667
+1,-0.764706,-0.145729,0.0655738,-1,-1,0.180328,-0.272417,-0.8
+1,-0.882353,-0.105528,0.0819672,-0.535354,-0.777778,-0.162444,-0.923997,-1
+1,-0.647059,-0.00502513,0.311475,-0.777778,-0.8487,-0.424739,-0.824082,-0.7
+1,-0.529412,-0.00502513,0.180328,-0.656566,-1,-0.23696,-0.815542,-0.766667
+1,-0.647059,-0.386935,0.344262,-0.434343,-1,0.0253354,-0.859095,-0.1866667
+1,-0.764706,0.0552764,-0.0491803,-0.191919,-0.777778,0.0402385,-0.874466,-0.866667
+1,-0.882353,-0.175879,0.0491803,-0.737374,-0.775414,-0.368107,-0.712212,-0.933333
+1,-0.411765,0.477387,0.229508,-1,-1,-0.108793,-0.695986,-0.766667
+1,-0.764706,0.0854271,0.0491803,-1,-1,-0.0819672,-0.931682,-1
+1,-0.764706,-0.155779,-0.180328,-0.535354,-0.820331,-0.0938897,-0.239966,-1
+1,-0.0588235,-0.00502513,0.377049,-1,-1,0.0551417,-0.735269,-0.0333333
+1,-0.882353,0.256281,0.147541,-0.515152,-0.739953,-0.275708,-0.877882,-0.866667
+1,-1,0.0150754,0.0655738,-0.434343,-1,-0.266766,-0.864219,-0.966667
+1,-0.647059,0.58794,0.0491803,-0.737374,-0.0851064,-0.0700447,-0.814688,-0.9
+1,-0.529412,0.447236,-0.0491803,-0.434343,-0.669031,-0.120715,-0.82152,-0.466667
+1,-0.176471,0.0653266,0.508197,-0.636364,-1,-0.323398,-0.865927,-0.1
+1,-0.647059,-0.21608,0.147541,-1,-1,-0.0312965,-0.836038,-0.4
+1,-0.529412,0.296482,-0.0163934,-0.757576,-0.453901,-0.180328,-0.616567,-0.666667
+1,-0.411765,-0.0452261,0.180328,-0.333333,-1,0.123696,-0.75064,-0.8
+1,-0.764706,0.256281,-0.0163934,-0.59596,-0.669031,0.00745157,-0.99146,-0.666667
+1,-0.411765,0.175879,0.508197,-1,-1,0.0163934,-0.778822,-0.433333
+1,-0.882353,-0.105528,0.245902,-0.313131,-0.91253,-0.0700447,-0.902647,-0.933333
+1,-0.764706,0.577889,0.213115,-0.292929,0.0401891,0.174367,-0.952178,-0.7
+1,-1,0.00502513,0.442623,0.212121,-0.739953,0.394933,-0.24509,-0.666667
+1,-0.882353,0.0753769,0.114754,-0.616162,-1,-0.210134,-0.925705,-0.9
+1,-0.764706,-0.0954774,-0.0163934,-1,-1,-0.299553,-0.903501,-0.866667
+1,-0.529412,0.18593,0.147541,-1,-1,0.326379,-0.29462,-0.833333
+1,-1,0.376884,0.147541,-0.232323,-1,-0.0104321,-0.921435,-0.966667
+1,-1,0.145729,0.311475,-0.313131,-0.326241,0.317437,-0.923997,-0.8
+1,-1,0.0251256,0.409836,-0.656566,-0.751773,-0.126677,-0.4731,-0.8
+1,-0.882353,0.396985,0.0163934,-0.171717,0.134752,0.213115,-0.608881,-1
+1,-0.647059,0.236181,0.639344,-0.292929,-0.432624,0.707899,-0.315115,-0.966667
+1,-0.882353,-0.266332,-0.180328,-0.79798,-1,-0.314456,-0.854825,-1
+1,-1,0.256281,0.57377,-1,-1,-0.329359,-0.842869,-1
+1,-0.647059,-0.125628,-0.0163934,-0.636364,-1,-0.350224,-0.687447,-1
+1,-0.882353,-0.0251256,0.0491803,-0.616162,-0.806147,-0.457526,-0.811272,-1
+1,-1,0.175879,0.311475,-0.373737,-0.874704,0.347243,-0.990606,-0.9
+1,-0.764706,0.0653266,0.0491803,-0.292929,-0.718676,-0.0909091,0.12895,-0.566667
+1,-0.411765,0.0954774,0.229508,-0.474747,-1,0.0730254,-0.600342,0.3
+1,-0.882353,0.648241,0.344262,-0.131313,-0.841608,-0.0223547,-0.775406,-0.0333333
+1,-0.882353,0.286432,0.344262,-0.656566,-0.567376,-0.180328,-0.968403,-0.966667
+1,-0.764706,0.21608,0.147541,-0.353535,-0.775414,0.165425,-0.309991,-0.933333
+1,-0.882353,0.165829,0.147541,-0.434343,-1,-0.183308,-0.8924,-1
+1,-0.529412,0.547739,0.180328,-0.414141,-0.702128,-0.0670641,-0.777968,-0.466667
+1,-0.411765,0.0351759,0.770492,-0.252525,-1,0.168405,-0.806149,0.466667
+1,-0.764706,-0.316583,0.147541,-0.353535,-0.843972,-0.254843,-0.906917,-0.866667
+1,-0.647059,-0.19598,-1,-1,-1,-1,-0.918019,-0.966667
+1,-0.529412,-0.0552764,0.0655738,-0.555556,-1,-0.263785,-0.940222,-1
+1,-0.882353,0.0753769,-0.180328,-0.616162,-1,-0.156483,-0.912041,-0.733333
+1,-1,0.0753769,-0.0163934,-0.494949,-1,-0.213115,-0.953032,-0.933333
+1,-1,0.19598,0.0819672,-0.454545,-1,0.156483,-0.845431,-0.966667
+1,-1,0.19598,0.0491803,-0.636364,-0.782506,0.0402385,-0.447481,-0.933333
+1,-1,-0.256281,-0.147541,-0.79798,-0.914894,-0.171386,-0.836892,-0.966667
+1,-1,0.246231,-0.0819672,-0.737374,-0.751773,-0.350224,-0.680615,-1
+1,-0.764706,0.427136,0.344262,-0.636364,-0.8487,-0.263785,-0.416738,-1
+1,-0.411765,0.0653266,0.344262,-0.393939,-1,0.177347,-0.822374,-0.433333
+1,-0.764706,-0.316583,0.0163934,-0.737374,-0.964539,-0.400894,-0.847139,-0.933333
+1,-0.529412,-0.165829,0.409836,-0.616162,-1,-0.126677,-0.795901,-0.566667
+1,-0.882353,0.145729,0.0819672,-0.272727,-0.527187,0.135618,-0.819812,-1
+1,-0.882353,-0.125628,0.114754,-0.313131,-0.817967,0.120715,-0.724167,-0.9
+1,-0.411765,0.396985,0.0491803,-0.292929,-0.669031,-0.147541,-0.715628,-0.833333
+1,-0.764706,0.125628,0.229508,-0.353535,-1,0.0640835,-0.940222,-1
+1,-1,0.0251256,0.0491803,-0.0707071,-0.815603,0.210134,-0.64304,-1
+1,-0.882353,0.00502513,0.180328,-0.757576,-0.834515,-0.245902,-0.504697,-0.766667
+1,-0.529412,0.175879,0.0491803,-0.454545,-0.716312,-0.0104321,-0.870196,-0.9
+1,-0.529412,0.105528,0.0819672,-1,-1,-0.0491803,-0.664389,-0.733333
+1,-0.529412,0.899497,0.803279,-0.373737,-1,-0.150522,-0.485909,-0.466667
+1,-0.411765,-0.266332,-0.0163934,-1,-1,-0.201192,-0.837746,-0.8
+1,-0.882353,0.0653266,0.147541,-0.434343,-0.680851,0.0193741,-0.945346,-0.966667
+1,0.0588235,0.547739,0.278689,-0.393939,-0.763593,-0.0789866,-0.926558,-0.2
+1,-0.882353,0.0954774,-0.0491803,-0.636364,-0.725768,-0.150522,-0.87959,-0.966667
+1,-0.764706,0.00502513,0.0491803,-0.535354,-1,-0.114754,-0.752348,-1
+1,-0.764706,0.0150754,-0.0491803,-0.656566,-0.373522,-0.278688,-0.542272,-0.933333
+1,-0.176471,0.798995,0.557377,-0.373737,-1,0.0193741,-0.926558,0.3
+1,-0.764706,-0.0854271,0.0163934,-1,-1,-0.186289,-0.618275,-0.966667
+1,-1,0.0251256,-0.147541,-1,-1,-0.251863,-1,-1
+1,-1,0.346734,-0.0491803,-0.59596,-0.312057,-0.213115,-0.766012,-1
+1,-0.764706,0.226131,-0.0163934,-0.636364,-0.749409,-0.111773,-0.454313,-0.966667
+1,-0.529412,0.20603,0.114754,-1,-1,-0.117735,-0.461144,-0.566667
+1,-0.882353,0.316583,0.0491803,-0.717172,-0.0189125,-0.293592,-0.734415,-1
+1,-0.764706,0.0150754,-0.0491803,-0.292929,-0.787234,-0.350224,-0.934244,-0.966667
+1,-0.764706,0.226131,-0.147541,-0.131313,-0.626478,0.0789866,-0.369769,-0.766667
+1,0.0588235,-0.0854271,0.114754,-1,-1,-0.278688,-0.895816,0.233333
+1,-0.411765,-0.21608,-0.213115,-1,-1,0.004471,-0.508113,-0.866667
+1,-1,0.135678,0.311475,-0.676768,-1,-0.0760059,-0.320239,-1
+1,0.176471,-0.0753769,0.0163934,-1,-1,-0.228018,-0.923997,-0.666667
+1,-0.294118,0.447236,0.180328,-0.454545,-0.460993,0.0104323,-0.848847,-0.366667
+1,-0.529412,0.145729,0.0655738,-1,-1,-0.347243,-0.697694,-0.466667
+1,-0.294118,0.376884,0,-1,-1,-0.278688,-0.93766,0.133333
+1,-0.647059,0.20603,0.147541,-0.393939,-0.680851,0.278689,-0.680615,-0.7
+1,0.294118,-0.145729,0.213115,-1,-1,-0.102832,-0.810418,-0.533333
+1,-0.529412,-0.00502513,0.245902,-0.69697,-0.879433,-0.308495,-0.876174,-1
+1,-0.0588235,0.949749,0.311475,-1,-1,-0.222057,-0.596072,0.533333
+1,-0.764706,0.0854271,-0.147541,-0.474747,-0.851064,-0.0312965,-0.795047,-0.966667
+1,-0.882353,-0.286432,0.0163934,-1,-1,-0.350224,-0.711358,-0.833333
+1,-0.764706,0.226131,0.147541,-0.454545,-1,0.0968703,-0.77626,-0.8
+1,0.176471,-0.316583,0.737705,-0.535354,-0.884161,0.0581222,-0.823228,-0.133333
+1,-0.764706,0.00502513,0.114754,-0.494949,-0.832151,0.147541,-0.789923,-0.833333
+1,-0.882353,0.396985,-0.245902,-0.616162,-0.803783,-0.14456,-0.508113,-0.966667
+1,-0.529412,0.326633,0.409836,-0.373737,-1,-0.165425,-0.708796,0.4
+1,-0.882353,0.18593,-0.0491803,-0.272727,-0.777778,-0.00745157,-0.843723,-0.933333
+1,-0.882353,0.0753769,0.180328,-0.393939,-0.806147,-0.0819672,-0.3655,-0.9
+1,-0.764706,-0.437186,-0.0819672,-0.434343,-0.893617,-0.278688,-0.783091,-0.966667
+1,-0.647059,0.115578,-0.0491803,-0.373737,-0.895981,-0.120715,-0.699402,-0.966667
+1,-1,-0.21608,0.442623,-0.414141,-0.905437,0.0998511,-0.695986,-1
+1,-0.0588235,0.105528,0.245902,-1,-1,-0.171386,-0.864219,0.233333
+1,-1,0.376884,0.377049,-0.454545,-1,-0.186289,-0.869342,0.266667
+1,-0.529412,-0.00502513,0.114754,-0.232323,-1,-0.0223547,-0.942784,-0.6
+1,-0.764706,-0.125628,-0.0491803,-0.676768,-0.877069,-0.0253353,-0.924851,-0.866667
+1,-0.882353,0.115578,0.409836,-0.616162,-1,-0.102832,-0.944492,-0.933333
+1,-1,0.0552764,0.114754,-0.555556,-1,-0.403875,-0.865073,-0.966667
+1,-0.764706,-0.00502513,0.147541,-0.676768,-0.895981,-0.391952,-0.865927,-0.8
+1,0.176471,0.226131,0.278689,-0.373737,-1,-0.177347,-0.629377,-0.2
+1,-0.882353,-0.20603,0.311475,-0.494949,-0.91253,-0.242921,-0.568745,-0.966667
+1,-0.764706,0.20603,0.245902,-0.252525,-0.751773,0.183309,-0.883006,-0.733333
+1,-1,-0.0653266,-0.0163934,-1,-1,0.052161,-0.842015,-0.866667
+1,-0.764706,0.417085,-0.0491803,-0.313131,-0.6974,-0.242921,-0.469684,-0.9
+1,-0.176471,-0.0552764,0.0491803,-0.494949,-0.813239,-0.00745157,-0.436379,-0.333333
+1,-0.882353,0.20603,0.311475,-0.030303,-0.527187,0.159464,-0.0742955,-0.333333
+1,-0.764706,0.226131,0.245902,-0.454545,-0.527187,0.0700448,-0.654142,-0.833333
+1,0.294118,0.0351759,0.114754,-0.191919,-1,0.377049,-0.959009,-0.3
+1,-0.882353,0.0954774,-0.0819672,-0.575758,-0.680851,-0.248882,-0.355252,-0.933333
+1,-0.882353,-0.18593,0.213115,-0.171717,-0.865248,0.38003,-0.130658,-0.633333
+1,-0.764706,0.758794,0.442623,-1,-1,-0.317437,-0.788215,-0.966667
+1,-0.882353,0.366834,0.213115,0.010101,-0.51773,0.114754,-0.725875,-0.9
+1,-1,-0.0653266,-0.0163934,-0.494949,-0.782506,-0.14456,-0.612297,-0.966667
+1,-0.764706,0.0854271,0.0163934,-0.79798,-0.34279,-0.245902,-0.314261,-0.966667
+1,0.529412,-0.236181,-0.0163934,-1,-1,-0.0223547,-0.912895,-0.333333
+1,-0.176471,0.0552764,-1,-1,-1,-1,-0.806149,-0.9
+1,-0.882353,0.266332,-0.0819672,-0.414141,-0.640662,-0.14456,-0.382579,-1
+1,-0.529412,-0.0351759,-0.0819672,-0.656566,-0.884161,-0.38003,-0.77626,-0.833333
+1,-0.882353,0.306533,0.147541,-0.737374,-0.751773,-0.228018,-0.663535,-0.966667
+1,-0.882353,-1,0.114754,-0.292929,-1,-0.0461997,-0.734415,-0.966667
+1,-0.176471,-0.18593,0.278689,-0.191919,-0.886525,0.391952,-0.843723,-0.3
+1,-0.294118,-0.0150754,-0.0491803,-0.333333,-0.550827,0.0134128,-0.699402,-0.266667
+1,-0.529412,0.236181,0.311475,-0.69697,-0.583924,-0.0461997,-0.688301,-0.566667
+1,-0.764706,0.396985,0.229508,-1,-1,-0.23696,-0.923997,-0.733333
+1,-0.882353,0.115578,0.0163934,-0.737374,-0.56974,-0.28465,-0.948762,-0.933333
+1,-0.294118,0.115578,0.0491803,-0.212121,-1,0.0193741,-0.844577,-0.9
+1,-0.647059,0.135678,-0.278689,-0.737374,-1,-0.33234,-0.947054,-0.966667
+1,-0.764706,0.296482,0.213115,-0.474747,-0.515366,-0.0104321,-0.561913,-0.866667
+1,-0.647059,0.165829,-1,-1,-1,-0.299553,-0.906917,-0.933333
+1,-1,-0.266332,-1,-1,-1,-0.371088,-0.774552,-0.866667
+1,-0.647059,-0.165829,-0.0491803,-0.373737,-0.957447,0.0223547,-0.779675,-0.866667
+1,-0.529412,0.547739,0.0163934,-0.373737,-0.328605,-0.0223547,-0.864219,-0.933333
+1,-0.0588235,0.125628,0.180328,-1,-1,-0.296572,-0.349274,0.233333
+1,-1,0.0452261,0.0491803,-0.535354,-0.725768,-0.171386,-0.678907,-0.933333
+1,-0.647059,-0.18593,0.409836,-0.676768,-0.843972,-0.180328,-0.805295,-0.966667
+1,-0.294118,0.0954774,-0.0163934,-0.454545,-1,-0.254843,-0.890692,-0.8
+1,-0.529412,-0.0954774,-1,-1,-1,-0.165425,-0.545687,-0.666667
+1,-0.176471,0.376884,0.47541,-0.171717,-1,-0.0461997,-0.732707,-0.4
+1,0.176471,0.296482,0.245902,-0.434343,-0.711584,0.0700448,-0.827498,-0.4
+1,-0.882353,-0.00502513,0.180328,-0.393939,-0.957447,0.150522,-0.714774,-1
+1,-1,-0.427136,-0.0163934,-1,-1,-0.353204,-0.438941,0.533333
+1,0.411765,0.00502513,0.377049,-0.333333,-0.751773,-0.105812,-0.649872,-0.166667
+1,-0.294118,-0.125628,0.311475,-1,-1,-0.308495,-0.994876,-0.633333
+1,-0.882353,0.0653266,0.245902,-1,-1,0.117735,-0.898377,-0.833333
+1,-0.882353,-0.0351759,1,-1,-1,-0.33234,-0.889838,-0.8
+1,-0.647059,0.115578,-0.0819672,-0.212121,-1,-0.102832,-0.590948,-0.7
+1,-0.529412,0.286432,0.147541,-1,-1,0.0223547,-0.807857,-0.9
+1,-0.176471,-0.376884,0.278689,-1,-1,-0.028316,-0.732707,-0.333333
+1,-0.882353,0.165829,0.278689,-0.414141,-0.574468,0.0760059,-0.64304,-0.866667
+1,-0.294118,-0.00502513,-0.0163934,-0.616162,-0.87234,-0.198212,-0.642186,-0.633333
