-1,0.0588235,0.849246,0.393443,-0.69697,-1,-0.105812,-0.030743,-0.0666667
-1,-0.176471,0.59799,0.0819672,-1,-1,-0.0938897,-0.739539,-0.5
-1,-1,0.819095,0.442623,-0.111111,0.205674,0.290611,-0.877028,-0.833333
-1,-0.294118,0.477387,0.311475,-1,-1,-0.120715,-0.914603,-0.0333333
-1,-0.176471,0.819095,0.377049,-0.575758,-0.546099,0.0700448,-0.566183,0
-1,0.529412,0.266332,0.47541,-1,-1,0.293592,-0.568745,-0.3
-1,-1,0.18593,0.377049,-0.0505051,-0.456265,0.365127,-0.596072,-0.666667
-1,-0.647059,0.738693,0.278689,-0.212121,-0.562648,0.00745157,-0.238258,-0.666667
-1,-0.647059,0.396985,-0.114754,-1,-1,-0.23696,-0.723313,-0.966667
-1,-0.764706,0.58794,0.47541,-1,-1,-0.0581222,-0.379163,0.5
-1,-0.294118,0.346734,0.147541,-0.535354,-0.692671,0.0551417,-0.603757,-0.733333
-1,-0.176471,0.527638,0.442623,-0.111111,-1,0.490313,-0.778822,-0.5
-1,-1,0.135678,0.245902,-1,-1,-0.00745157,-0.829206,-0.933333
-1,-0.529412,0.738693,0.147541,-0.717172,-0.602837,-0.114754,-0.758326,-0.6
-1,-0.411765,0.628141,0.704918,-1,-1,0.123696,-0.93766,0.0333333
-1,-0.529412,0.346734,0.180328,-1,-1,-0.290611,-0.83006,0.3
-1,-0.882353,0.226131,0.47541,0.030303,-0.479905,0.481371,-0.789069,-0.666667
-1,-0.294118,0.246231,0.180328,-1,-1,-0.177347,-0.752348,-0.733333
-1,-0.882353,0.286432,-0.213115,-0.0909091,-0.541371,0.207154,-0.543126,-0.9
-1,-1,-0.0452261,0.393443,-0.494949,-0.914894,0.114754,-0.855679,-0.9
-1,-1,0.628141,0.245902,0.131313,-0.763593,0.585693,-0.418446,-0.866667
-1,0.529412,0.296482,-1,-0.393939,-1,0.18927,-0.5807,-0.233333
-1,-0.411765,0.0954774,0.0163934,-0.171717,-0.695035,0.0670641,-0.627669,-0.866667
-1,-0.882353,0.638191,0.180328,-1,-1,0.162444,-0.0230572,-0.6
-1,-0.0588235,0.839196,0.0491803,-1,-1,-0.305514,-0.492741,-0.633333
-1,-0.411765,0.879397,0.245902,-0.454545,-0.510638,0.299553,-0.183604,0.0666667
-1,-1,0.889447,0.344262,-0.717172,-0.562648,-0.0461997,-0.484202,-0.966667
-1,-0.882353,0.819095,0.0491803,-0.393939,-0.574468,0.0163934,-0.786507,-0.433333
-1,-1,0.316583,0.0819672,-0.191919,-1,0.0223547,-0.899231,-0.966667
-1,-0.294118,0.959799,0.147541,-1,-1,-0.0789866,-0.786507,-0.666667
-1,-0.176471,0.00502513,-1,-1,-1,-0.105812,-0.653288,-0.633333
-1,0.176471,0.61809,0.114754,-0.535354,-0.687943,-0.23994,-0.788215,-0.133333
-1,-0.294118,0.0251256,0.344262,-1,-1,-0.0819672,-0.912895,-0.5
-1,-0.294118,0.487437,0.180328,-0.292929,-1,0.00149028,-0.53117,-0.0333333
-1,-0.764706,0.0251256,0.409836,-0.272727,-0.716312,0.356185,-0.958155,-0.933333
-1,-0.529412,0.256281,0.311475,-1,-1,-0.0372578,-0.608881,-0.8
-1,-0.764706,0.00502513,0.0819672,-0.59596,-0.787234,-0.019374,-0.326217,-0.766667
-1,-0.0588235,0.869347,0.47541,-0.292929,-0.468085,0.028316,-0.70538,-0.466667
-1,-0.882353,0.728643,0.114754,-0.010101,0.368794,0.263785,-0.467122,-0.766667
-1,-0.764706,0.557789,0.213115,-0.656566,-0.77305,-0.207153,-0.69684,-0.8
-1,-0.882353,0.477387,0.540984,-0.171717,-1,0.469449,-0.760888,-0.8
-1,0.294118,0.20603,0.311475,-0.252525,-0.64539,0.260805,-0.396243,-0.1
-1,0.176471,0.155779,-1,-1,-1,-1,-0.843723,-0.7
-1,-0.529412,0.467337,0.278689,-1,-1,0.147541,-0.622545,0.533333
-1,0.176471,0.487437,0.377049,-0.030303,-0.439716,0.120715,-0.211785,0
-1,-0.647059,0.768844,0.409836,-0.454545,-0.631206,-0.00745157,-0.0811272,0.0333333
-1,0.294118,0.115578,0.377049,-0.191919,-1,0.394933,-0.276687,-0.2
-1,-0.647059,0.296482,0.0491803,-0.414141,-0.728132,-0.213115,-0.87959,-0.766667
-1,-1,0.778894,-0.0163934,-0.414141,0.130024,0.0312965,-0.151153,-1
-1,-1,0.809045,0.47541,-0.474747,-0.787234,0.0879285,-0.798463,-0.533333
-1,-0.529412,0.447236,0.344262,-0.353535,-1,0.147541,-0.59351,-0.466667
-1,-0.176471,0.849246,0.377049,-0.333333,-1,0.0581222,-0.76345,-0.333333
-1,0.0588235,0.567839,0.409836,-0.434343,-0.63357,0.0223547,-0.0512383,-0.3
