+1,-0.411765,0.165829,0.213115,-1,-1,-0.23696,-0.894962,-0.7
+1,-0.764706,-0.125628,-1,-0.535354,-1,-0.138599,-0.40649,-0.866667
+1,-0.764706,0.125628,0.0819672,-0.555556,-1,-0.254843,-0.804441,-0.9
+1,-0.882353,0.165829,0.147541,-0.434343,-1,-0.183308,-0.8924,-1
+1,-0.411765,0.105528,0.114754,-1,-1,-0.225037,-0.81725,-0.7
+1,-0.764706,-0.437186,-0.0819672,-0.434343,-0.893617,-0.278688,-0.783091,-0.966667
+1,-1,0.175879,0.311475,-0.373737,-0.874704,0.347243,-0.990606,-0.9
+1,-0.647059,0.0351759,0.180328,-0.393939,-0.640662,-0.177347,-0.443211,-0.8
+1,-0.411765,0.477387,0.229508,-1,-1,-0.108793,-0.695986,-0.766667
+1,-0.882353,-0.286432,0.278689,0.010101,-0.893617,-0.0104321,-0.706234,-1
+1,-0.882353,-0.19598,0.213115,-0.777778,-0.858156,-0.105812,-0.616567,-0.966667
+1,-0.764706,0.226131,0.245902,-0.454545,-0.527187,0.0700448,-0.654142,-0.833333
+1,-0.882353,-0.125628,0.278689,-0.454545,-0.92435,0.0312965,-0.980359,-0.966667
+1,-0.411765,0.0954774,0.229508,-0.474747,-1,0.0730254,-0.600342,0.3
+1,-0.294118,-0.0351759,-1,-1,-1,-0.293592,-0.904355,-0.766667
+1,-0.764706,0.306533,0.57377,-1,-1,-0.326379,-0.837746,-1
+1,-0.764706,0.155779,0.0491803,-0.555556,-1,-0.0819672,-0.707088,-1
+1,-0.764706,-0.0552764,0.114754,-0.636364,-0.820331,-0.225037,-0.587532,-1
+1,-0.411765,0.236181,0.213115,-0.191919,-0.817967,0.0163934,-0.836892,-0.766667
+1,-1,0.266332,0.409836,-0.454545,-0.716312,-0.183308,-0.626815,-1
+1,0.176471,0.798995,0.147541,-1,-1,0.0461997,-0.895816,-0.466667
+1,-0.882353,-0.20603,-0.0163934,-0.151515,-0.886525,0.296572,-0.487617,-0.933333
+1,-1,-0.155779,0.0491803,-0.555556,-0.843972,0.0670641,-0.601196,-1
+1,-0.882353,-0.125628,0.114754,-0.313131,-0.817967,0.120715,-0.724167,-0.9
+1,-1,-0.135678,0.114754,-0.353535,-1,0.0670641,-0.863365,-0.866667
+1,-0.294118,0.175879,0.57377,-1,-1,-0.14456,-0.932536,-0.7
+1,-0.411765,-0.115578,0.278689,-0.393939,-1,-0.177347,-0.846285,-0.466667
+1,-0.647059,0.135678,-0.180328,-0.79798,-0.799054,-0.120715,-0.532024,-0.866667
+1,-0.294118,0.839196,0.540984,-1,-1,0.216095,0.181042,-0.2
+1,-0.882353,-0.20603,0.311475,-0.494949,-0.91253,-0.242921,-0.568745,-0.966667
+1,-0.529412,0.105528,0.508197,-1,-1,0.120715,-0.903501,-0.7
+1,-0.882353,-0.0452261,0.213115,-0.575758,-0.827423,-0.228018,-0.491887,-0.5
+1,-0.882353,-1,-0.213115,-0.59596,-1,-0.263785,-0.947054,-0.966667
+1,-0.764706,0.175879,0.47541,-0.616162,-0.832151,-0.248882,-0.799317,-1
+1,-0.647059,0.0251256,0.213115,-1,-1,-0.120715,-0.963279,-0.633333
+1,-0.882353,-0.105528,-0.606557,-0.616162,-0.940898,-0.171386,-0.58924,-1
+1,-0.529412,-0.0552764,0.0655738,-0.555556,-1,-0.263785,-0.940222,-1
+1,-0.176471,0.336683,0.377049,-1,-1,0.198212,-0.472246,-0.466667
+1,-1,0.477387,0.393443,0.0909091,-1,0.275708,-0.746371,-0.9
+1,0.176471,0.226131,0.278689,-0.373737,-1,-0.177347,-0.629377,-0.2
+1,-0.529412,-0.236181,0.0163934,-1,-1,0.0134128,-0.732707,-0.866667
+1,-0.764706,-0.00502513,0.147541,-0.676768,-0.895981,-0.391952,-0.865927,-0.8
+1,-0.294118,-0.145729,0.278689,-1,-1,-0.0700447,-0.740393,-0.3
+1,-0.882353,0.537688,0.344262,-0.151515,0.146572,0.210134,-0.479932,-0.933333
+1,-0.647059,0.0653266,0.180328,-1,-1,-0.230999,-0.889838,-0.8
+1,-0.764706,0.145729,0.114754,-0.555556,-1,-0.14456,-0.988044,-0.866667
+1,-0.647059,0.286432,0.278689,-1,-1,-0.371088,-0.837746,0.133333
+1,-0.529412,0.979899,0.147541,-0.212121,0.758865,0.0938898,0.922289,-0.666667
+1,-0.647059,0.507538,0.245902,-1,-1,-0.374069,-0.889838,-0.466667
+1,0.529412,-0.236181,-0.0163934,-1,-1,-0.0223547,-0.912895,-0.333333
+1,-1,-0.0653266,-0.0163934,-1,-1,0.052161,-0.842015,-0.866667
+1,-1,0.19598,0.0491803,-0.636364,-0.782506,0.0402385,-0.447481,-0.933333
+1,-0.764706,-0.125628,-0.0491803,-0.676768,-0.877069,-0.0253353,-0.924851,-0.866667
+1,-0.0588235,0.105528,0.245902,-1,-1,-0.171386,-0.864219,0.233333
+1,-0.176471,-0.18593,0.278689,-0.191919,-0.886525,0.391952,-0.843723,-0.3
+1,-1,-0.0854271,0.114754,-0.353535,-0.503546,0.18927,-0.741247,-0.866667
+1,-0.764706,0.0854271,0.0163934,-0.79798,-0.34279,-0.245902,-0.314261,-0.966667
+1,-0.411765,0.21608,0.180328,-0.535354,-0.735225,-0.219076,-0.857387,-0.7
+1,-0.882353,-0.20603,0.229508,-0.393939,-1,-0.0461997,-0.728437,-0.966667
+1,-0.411765,-0.266332,-0.0163934,-1,-1,-0.201192,-0.837746,-0.8
+1,-0.882353,0.447236,0.344262,-0.191919,-1,0.230999,-0.548249,-0.766667
+1,-0.764706,-0.0954774,-0.0163934,-1,-1,-0.299553,-0.903501,-0.866667
+1,-0.0588235,-0.0854271,0.344262,-1,-1,0.0611028,-0.565329,0.566667
+1,-0.647059,0.115578,-0.0819672,-0.212121,-1,-0.102832,-0.590948,-0.7
+1,-0.176471,-0.376884,0.278689,-1,-1,-0.028316,-0.732707,-0.333333
+1,0.176471,0.155779,-1,-1,-1,0.052161,-0.952178,-0.733333
+1,-1,0.326633,0.278689,-1,-1,-0.0342771,-0.730999,-1
+1,-0.882353,0.165829,0.278689,-0.414141,-0.574468,0.0760059,-0.64304,-0.866667
+1,0.176471,0.0150754,0.245902,-0.030303,-0.574468,-0.019374,-0.920581,0.4
+1,-0.411765,0.175879,0.508197,-1,-1,0.0163934,-0.778822,-0.433333
+1,-0.882353,-0.135678,0.0819672,0.0505051,-0.846336,0.230999,-0.283518,-0.733333
+1,-0.411765,0.557789,0.377049,-0.111111,0.288416,0.153502,-0.538002,-0.566667
+1,-0.176471,0.376884,0.47541,-0.171717,-1,-0.0461997,-0.732707,-0.4
+1,-0.764706,0.226131,0.147541,-0.454545,-1,0.0968703,-0.77626,-0.8
+1,-0.882353,-0.0954774,0.0163934,-0.636364,-0.86052,-0.251863,0.0162254,-0.866667
+1,-0.764706,0.00502513,-0.114754,-0.434343,-0.751773,0.126677,-0.641332,-0.9
+1,-0.529412,0.18593,0.147541,-1,-1,0.326379,-0.29462,-0.833333
+1,-0.0588235,-0.346734,0.180328,-0.535354,-1,-0.0461997,-0.554227,-0.3
+1,0.529412,0.0653266,0.147541,-1,-1,0.0193741,-0.852263,0.0333333
+1,-0.882353,0.939698,-0.180328,-0.676768,-0.113475,-0.228018,-0.507259,-0.9
+1,-1,0.135678,0.311475,-0.676768,-1,-0.0760059,-0.320239,-1
+1,-1,-0.155779,0.344262,-0.373737,-0.704492,0.138599,-0.867635,-0.933333
+1,-0.882353,0.366834,0.213115,0.010101,-0.51773,0.114754,-0.725875,-0.9
+1,-1,0.0150754,0.245902,-1,-1,0.0640835,-0.897523,-0.833333
+1,-1,-0.0251256,0.0491803,-0.272727,-0.763593,0.0968703,-0.554227,-0.866667
+1,-0.529412,0.417085,0.213115,-1,-1,-0.177347,-0.858241,-0.366667
+1,0.0588235,0.236181,0.147541,-0.111111,-0.777778,-0.0134128,-0.747225,-0.366667
+1,-0.647059,0.0653266,-0.114754,-0.575758,-0.626478,-0.0789866,-0.81725,-0.9
+1,-0.647059,0.809045,0.0491803,-0.494949,-0.834515,0.0134128,-0.835184,-0.833333
+1,-0.176471,0.19598,-1,-1,-1,-0.248882,-0.88813,-0.466667
+1,-0.0588235,-0.155779,0.213115,-0.373737,-1,0.14158,-0.676345,-0.4
+1,-0.529412,0.276382,0.442623,-0.777778,-0.63357,0.028316,-0.555935,-0.766667
+1,-0.529412,0.175879,0.0491803,-0.454545,-0.716312,-0.0104321,-0.870196,-0.9
+1,-0.764706,-0.0753769,0.0163934,-0.434343,-1,-0.0581222,-0.955594,-0.9
+1,-0.411765,0.0552764,0.180328,-0.414141,-0.231678,0.0998511,-0.930828,-0.766667
+1,-0.882353,0.0753769,0.114754,-0.616162,-1,-0.210134,-0.925705,-0.9
+1,-1,0.658291,0.47541,-0.333333,0.607565,0.558867,-0.701964,-0.933333
+1,-0.764706,0.296482,-1,-1,-1,0.147541,-0.807003,-0.333333
+1,-0.882353,-0.18593,0.213115,-0.171717,-0.865248,0.38003,-0.130658,-0.633333
+1,-0.411765,0.396985,0.0491803,-0.292929,-0.669031,-0.147541,-0.715628,-0.833333
