+1,-0.846481,-0.777778,-0.111111,-0.555556,-0.555556,0.111111,0.333333,0.333333,-0.111111,-1
+1,-0.827747,1,0.555556,0.555556,-0.333333,1,1,0.555556,-1,-1
+1,-0.962504,0.333333,0.777778,-0.333333,1,1,-0.555556,-0.111111,-0.555556,-0.555556
+1,-0.825733,1,1,1,-0.555556,1,1,0.777778,1,-1
+1,-0.88239,-0.777778,0.333333,1,1,0.333333,1,-0.333333,0.777778,-0.333333
+1,-0.857554,0.555556,1,1,0.555556,0.333333,1,0.777778,0.333333,-1
+1,-0.848708,-0.555556,0.111111,-0.333333,1,-0.555556,-0.555556,-0.555556,-0.333333,-1
+1,-0.82036,0.555556,0.333333,0.555556,-0.777778,-0.333333,-0.777778,-0.111111,1,-1
+1,-0.826815,0.555556,0.333333,0.555556,0.333333,-0.111111,-0.111111,-0.111111,1,-0.777778
+1,-0.814366,0.111111,0.111111,0.333333,1,-0.555556,1,0.555556,1,-0.777778
+1,-0.842769,0.777778,1,1,-1,1,0.555556,-0.555556,-0.555556,-1
+1,-0.930701,0.555556,1,1,1,0.555556,1,1,0.333333,-0.555556
+1,-0.823286,1,-0.777778,-0.777778,-1,-0.777778,0.111111,-1,-1,-0.777778
+1,-0.89213,0.555556,0.111111,0.333333,-0.555556,-0.555556,1,-0.555556,-0.333333,-0.777778
+1,-0.812989,-0.333333,0.555556,0.111111,-0.555556,-0.333333,1,0.333333,-1,-1
+1,-0.843352,0.555556,1,1,-1,-0.555556,0.111111,-0.555556,0.777778,-1
+1,-0.82982,-0.111111,-0.555556,-0.555556,-0.555556,0.111111,1,-0.555556,-1,-1
+1,-0.821496,0.777778,1,1,1,1,1,1,1,-1
+1,-0.833693,0.333333,-0.111111,-0.555556,0.333333,-0.333333,1,0.333333,-0.111111,-0.111111
+1,-0.845097,0.111111,1,1,-0.777778,0.555556,1,0.333333,-0.555556,-0.555556
+1,-0.895956,0.555556,1,-0.555556,-0.777778,0.111111,-0.333333,-0.555556,1,-1
+1,-0.885169,-0.555556,-0.333333,-0.333333,1,-0.111111,-1,-0.555556,-0.555556,-1
+1,-0.851958,0.333333,-0.555556,-0.777778,1,-0.111111,1,-0.111111,-0.333333,-0.333333
+1,-0.897016,1,-1,-1,-1,-0.777778,1,-0.111111,-0.333333,-1
+1,-0.829407,0.555556,0.333333,0.111111,-0.333333,-0.333333,1,-0.111111,-1,-1
+1,-0.890381,0.111111,-0.111111,-0.111111,0.555556,-0.333333,1,-0.555556,-0.333333,-1
+1,-0.81543,-0.333333,0.555556,0.333333,1,-0.333333,1,0.333333,-0.111111,-1
+1,-0.820043,0.777778,0.555556,0.555556,0.777778,0.111111,-0.555556,-0.333333,-1,-1
+1,-0.911821,0.555556,-0.555556,-0.333333,0.777778,-0.555556,1,-0.555556,-0.555556,-1
+1,-0.933558,0.333333,-0.333333,-0.111111,1,-0.777778,1,-0.555556,0.555556,-0.777778
+1,-0.834966,0.555556,-0.777778,-0.555556,-1,0.111111,-0.555556,0.333333,-1,-1
+1,-1,0.777778,-1,-0.777778,0.111111,-0.333333,1,0.333333,0.333333,-0.777778
+1,-0.964179,1,-0.333333,-0.333333,1,0.111111,1,-0.111111,-0.111111,-1
+1,-0.834863,0.333333,-0.555556,-0.333333,-0.333333,-0.555556,-0.555556,-0.555556,-0.777778,0.333333
+1,-0.930408,1,1,1,1,1,1,-0.333333,1,1
+1,-0.83054,-0.111111,0.111111,0.333333,0.555556,0.555556,1,-0.555556,1,-0.555556
+1,-0.828005,0.777778,0.333333,0.333333,-0.111111,-0.111111,1,0.333333,0.555556,-0.555556
+1,-0.918634,1,-0.333333,-0.555556,1,-0.333333,1,1,-1,-1
+1,-0.842766,0.111111,-0.555556,-0.333333,-1,-0.111111,-0.777778,-0.555556,0.777778,-1
+1,-0.852997,0.333333,-0.333333,0.111111,-0.333333,0.111111,-1,-0.333333,-0.555556,-1
+1,-0.837449,1,0.555556,0.333333,-0.333333,-0.555556,1,0.333333,0.777778,-1
+1,-0.829218,1,-0.111111,0.111111,1,0.111111,1,0.333333,0.333333,1
+1,-0.985524,-0.111111,0.555556,0.555556,1,-0.111111,1,0.555556,1,-0.555556
+1,-0.83184,1,1,0.555556,0.111111,-0.333333,-0.111111,0.555556,1,-1
+1,-0.843228,0.555556,-0.777778,-0.333333,-1,-0.111111,-1,-0.111111,-0.333333,-0.333333
+1,-0.842105,0.555556,-0.555556,0.555556,-0.555556,-0.333333,0.777778,0.555556,0.777778,0.555556
+1,-0.919664,1,-0.333333,-0.333333,0.111111,-0.777778,1,-0.777778,-0.555556,-1
+1,-0.826387,1,0.111111,-0.333333,-0.555556,1,1,0.777778,1,-1
+1,-0.831204,-0.111111,0.333333,0.777778,0.555556,0.111111,1,0.555556,1,-1
+1,-0.838052,-0.555556,-0.111111,0.333333,0.555556,0.555556,0.777778,0.333333,1,0.333333
+1,-0.831386,-0.111111,-0.111111,-0.111111,0.111111,-0.555556,1,-0.555556,-1,-1
+1,-0.815817,1,0.777778,0.555556,0.333333,0.111111,-0.333333,0.333333,1,-0.555556
+1,-0.935943,1,-0.333333,0.111111,-1,-0.777778,1,-0.111111,-0.555556,-1
+1,-0.817255,0.555556,1,1,1,0.333333,-0.111111,-0.333333,0.555556,0.333333
+1,-0.884384,0.333333,-0.333333,-0.333333,-0.555556,-0.333333,1,0.111111,0.777778,-1
+1,-0.829473,-0.111111,0.555556,0.555556,0.555556,-0.111111,1,0.333333,0.555556,-1
+1,-0.847478,-0.111111,-0.333333,-0.333333,0.777778,-0.777778,1,-0.111111,0.111111,-1
+1,-0.878438,0.111111,1,1,1,1,1,0.555556,1,1
+1,-0.827536,-0.111111,1,1,0.777778,0.111111,1,0.333333,1,-0.111111
+1,-0.843162,-0.111111,-0.777778,-0.555556,-1,0.111111,1,-0.111111,-1,-1
+1,-0.826947,1,1,1,1,-0.555556,1,1,0.111111,-1
+1,-0.956828,1,-0.111111,1,-0.555556,-0.111111,0.555556,0.333333,0.555556,-0.555556
+1,-0.899866,-0.111111,-0.333333,0.111111,1,-0.777778,1,-0.333333,-1,-1
+1,-0.834465,0.111111,-0.111111,-0.333333,-0.333333,-0.555556,0.777778,0.333333,0.555556,-0.555556
+1,-0.938238,1,-0.111111,0.333333,-0.555556,-0.555556,0.333333,-0.555556,-0.555556,0.555556
+1,-0.815365,0.111111,0.111111,0.111111,-0.111111,-0.333333,1,0.333333,0.111111,-0.777778
+1,-0.821657,1,0.111111,-0.111111,0.555556,-0.111111,1,0.555556,0.111111,-1
+1,-0.835103,-0.777778,-0.555556,-0.333333,-0.333333,-0.777778,-0.111111,-0.777778,-0.111111,-1
+1,-0.850295,-0.111111,-0.777778,-0.555556,-0.333333,-0.777778,0.333333,-0.555556,0.111111,-1
+1,-0.881145,-0.111111,-0.555556,-0.555556,-1,-0.555556,-0.555556,-0.555556,-0.555556,-0.555556
+1,-0.841731,0.111111,1,-0.777778,0.555556,1,-0.777778,0.333333,0.555556,1
+1,-0.831676,-0.333333,0.111111,0.111111,-0.111111,0.333333,0.111111,0.333333,0.333333,-0.555556
+1,-0.831843,0.333333,-0.777778,-0.333333,-1,0.111111,1,-0.111111,-0.333333,-0.555556
+1,-0.878341,-0.555556,1,-0.555556,1,0.111111,1,-0.111111,-1,-0.333333
+1,-0.834658,1,1,1,0.555556,-0.777778,1,-0.333333,-1,-1
+1,-0.843914,-0.111111,-0.555556,-0.555556,-0.333333,-0.777778,-0.333333,-0.555556,-0.333333,-1
+1,-0.816117,1,0.555556,1,-1,-0.555556,1,-0.111111,-1,-1
+1,-0.875424,-0.333333,0.555556,0.111111,-0.333333,-0.555556,-0.333333,1,0.111111,-1
+1,-0.998056,1,-0.333333,0.333333,-0.777778,-0.777778,0.555556,0.111111,-1,-1
+1,-0.903958,-0.111111,-0.111111,-0.111111,-0.777778,-0.111111,1,-0.333333,-0.555556,-1
+1,-0.810613,-0.111111,0.333333,1,1,-0.111111,1,1,1,-1
+1,-0.837876,-0.555556,0.111111,0.111111,0.111111,-0.111111,1,0.111111,0.555556,-0.555556
+1,-0.910945,1,0.555556,-0.333333,-0.333333,-0.333333,1,-0.555556,1,-0.333333
+1,-0.825657,0.333333,-0.333333,0.333333,-0.333333,-0.555556,0.333333,0.333333,0.111111,-1
+1,-0.834445,0.555556,0.111111,-0.333333,-0.555556,-0.111111,0.777778,-0.555556,-1,-1
+1,-0.838797,-0.111111,1,1,1,0.111111,1,0.111111,-0.111111,-0.777778
+1,-0.961571,-0.555556,-0.555556,-0.111111,-0.777778,-0.555556,1,0.333333,-1,-1
+1,-0.834104,1,1,1,-0.777778,1,1,-0.111111,-0.555556,-0.555556
+1,-0.821427,0.555556,0.555556,0.777778,0.111111,0.111111,-0.555556,1,1,-1
+1,-0.830794,0.777778,0.777778,1,-0.555556,0.111111,1,0.333333,1,0.111111
+1,-0.849065,1,1,1,1,0.111111,1,0.555556,-1,-0.111111
+1,-0.914499,0.555556,-0.333333,1,-0.111111,-0.333333,-0.333333,0.333333,1,-1
+1,-0.816162,-0.333333,1,0.555556,-0.111111,-0.333333,-1,1,-1,-1
+1,-0.845097,0.111111,1,1,-0.777778,0.555556,1,0.333333,-0.555556,-0.555556
+1,-0.807412,-0.555556,1,0.333333,0.555556,-0.111111,0.555556,0.333333,-0.333333,-1
+1,-0.876716,-0.111111,1,1,-0.555556,0.333333,-0.555556,0.555556,1,-0.777778
+1,-0.909082,0.333333,-0.111111,0.111111,1,-0.333333,1,-0.111111,-0.555556,-1
+1,-0.804697,-0.111111,1,1,1,-0.333333,1,-0.111111,0.111111,-0.555556
+1,-0.82378,1,-0.333333,-0.555556,-0.777778,-0.555556,1,-0.111111,-0.555556,-0.777778
+1,-0.826687,0.111111,1,0.333333,0.333333,0.111111,-0.333333,0.555556,1,-0.777778
+1,-0.827274,0.555556,1,0.555556,0.555556,-0.333333,0.555556,0.333333,0.333333,-1
+1,-0.847545,0.111111,-0.555556,-0.777778,-1,-0.555556,-0.333333,-0.333333,-1,-1
+1,-0.812591,0.777778,1,1,1,1,-0.111111,1,1,1
+1,-0.824015,0.777778,0.555556,0.555556,-0.111111,0.111111,-0.777778,-0.333333,1,-0.333333
+1,-0.851957,1,-0.111111,-0.111111,-0.555556,0.111111,0.333333,0.333333,1,-1
+1,-0.899518,1,-0.333333,-0.555556,1,-0.555556,1,0.333333,-1,-0.777778
+1,-0.834658,-1,0.111111,0.555556,1,0.555556,1,-0.111111,0.333333,-1
+1,-0.826036,0.555556,0.777778,0.777778,-0.111111,-0.555556,-0.111111,0.333333,0.333333,-1
+1,-0.961571,-0.555556,-0.555556,-0.111111,-0.777778,-0.555556,1,0.333333,-1,-1
+1,-0.848128,0.333333,0.111111,0.111111,-0.555556,-0.777778,1,0.333333,-1,-1
+1,-0.970105,-0.111111,1,1,0.111111,1,1,1,0.111111,-0.111111
+1,-0.961011,1,0.555556,0.555556,-0.777778,-0.555556,-0.333333,0.555556,0.333333,0.555556
+1,-0.832062,0.555556,0.555556,0.333333,-0.333333,1,1,0.333333,0.555556,0.333333
+1,-0.807774,-0.111111,1,1,0.555556,-0.111111,-0.111111,0.333333,1,-1
+1,-0.824423,0.555556,-0.111111,0.111111,-0.777778,-0.555556,1,0.111111,0.111111,-1
+1,-0.833834,-0.111111,-0.333333,0.111111,0.333333,0.777778,0.333333,0.555556,1,-1
+1,-0.981337,-0.111111,-0.555556,-0.777778,0.555556,-0.111111,1,0.555556,-1,-0.777778
+1,-0.830114,0.111111,1,1,1,0.555556,1,1,1,0.333333
+1,-0.889023,0.555556,-0.111111,-0.111111,-0.111111,-0.777778,1,-0.333333,-0.555556,-1
+1,-0.808827,1,1,0.555556,1,0.111111,-0.111111,1,-0.555556,-1
+1,-0.82447,1,1,1,0.111111,0.555556,-0.333333,0.555556,-0.111111,-1
+1,-0.952968,1,0.777778,0.333333,-0.555556,-0.333333,-0.777778,0.333333,0.333333,-1
+1,-0.838044,-0.111111,1,0.111111,-1,1,-0.333333,-0.333333,1,1
+1,-0.844637,1,1,1,-0.333333,0.555556,-1,0.555556,1,-1
+1,-0.844028,0.111111,1,-0.111111,-0.111111,-0.333333,1,0.111111,1,-1
+1,-0.834399,1,-0.555556,-0.555556,1,-0.777778,1,0.333333,-0.555556,-0.555556
+1,-0.987826,0.555556,1,1,0.555556,-0.111111,1,0.333333,0.555556,-1
+1,-0.843926,0.777778,-0.111111,0.555556,-1,-0.777778,-0.555556,-0.777778,-1,-0.111111
+1,-0.853454,0.555556,0.333333,-0.111111,1,0.333333,0.777778,-0.111111,-0.111111,-0.333333
+1,-0.845249,1,-0.333333,-0.555556,-1,-0.555556,-0.555556,0.111111,-0.111111,-0.777778
+1,-0.830098,-0.111111,0.555556,0.333333,0.333333,1,1,-0.111111,0.333333,-1
+1,-0.823913,0.555556,1,1,0.555556,0.111111,0.777778,-0.555556,1,1
+1,-0.980901,1,-0.333333,-0.333333,1,-0.777778,1,-0.111111,-0.555556,-0.555556
+1,-0.824364,0.555556,0.333333,0.555556,-0.111111,1,1,0.333333,-0.777778,-1
+1,-0.819942,1,1,0.333333,0.555556,0.333333,-1,1,1,-0.555556
+1,-0.816024,1,1,1,-1,0.111111,-1,-0.777778,0.555556,-1
+1,-0.89592,1,-0.333333,0.111111,-0.333333,-0.111111,1,0.333333,-1,-1
+1,-0.828603,1,1,1,0.555556,0.111111,0.555556,0.333333,1,-1
+1,-0.892191,-0.111111,-0.333333,0.111111,0.111111,-0.333333,1,-0.333333,-0.555556,-1
+1,-0.822182,0.555556,0.333333,-0.333333,-0.333333,-0.111111,-0.555556,-0.111111,1,-1
+1,-0.968522,0.555556,0.555556,0.777778,-0.333333,-0.111111,1,0.333333,0.555556,-1
+1,-0.83239,-0.555556,-0.333333,-0.111111,-0.777778,0.111111,0.555556,-0.333333,-1,-1
+1,-0.84123,1,0.111111,-0.333333,-1,-0.555556,-0.333333,-0.555556,-0.777778,-0.555556
+1,-0.827441,1,1,0.777778,-0.555556,0.333333,-0.111111,-0.555556,-0.111111,-1
+1,-0.826176,1,-0.111111,-0.111111,0.111111,-0.555556,1,0.333333,0.777778,-0.777778
+1,-0.843496,1,0.111111,0.111111,-0.555556,-0.333333,-0.111111,-0.555556,0.111111,-1
+1,-0.842769,0.777778,1,1,-1,1,0.555556,-0.555556,-0.555556,-1
+1,-0.807439,-0.111111,-0.333333,0.111111,0.555556,-0.333333,-1,0.555556,1,-1
+1,-0.834197,-0.333333,-0.111111,-0.111111,1,-0.333333,1,0.333333,-0.111111,0.555556
+1,-0.830443,1,1,0.111111,-0.555556,-0.555556,1,-0.333333,-0.555556,-0.777778
+1,-0.807789,-0.111111,0.333333,-0.333333,-1,0.111111,-1,0.333333,1,-0.555556
+1,-0.842481,-0.111111,-0.555556,-0.333333,-1,0.555556,1,-0.333333,0.777778,-1
+1,-0.83491,-0.111111,0.111111,0.111111,-0.777778,-0.333333,1,-0.555556,0.111111,-1
+1,-0.826266,0.333333,-0.111111,0.111111,-0.555556,-0.555556,0.555556,0.333333,-0.333333,-1
+1,-0.843099,0.777778,-0.111111,-0.111111,-0.777778,-0.777778,-0.777778,-0.111111,-1,-1
+1,-0.842893,-0.111111,-0.555556,-0.111111,-0.111111,-0.555556,-0.555556,-0.333333,1,-1
+1,-0.821697,1,1,1,0.333333,1,1,0.555556,-0.777778,-1
+1,-0.852543,1,0.333333,0.333333,0.111111,-0.333333,1,-0.333333,-1,-0.777778
+1,-0.878997,1,-0.555556,-0.111111,-0.333333,-0.555556,0.333333,-0.555556,-0.111111,-0.555556
+1,-0.938647,0.555556,0.333333,0.555556,-0.111111,-0.111111,1,0.777778,1,-1
+1,-0.822095,0.555556,1,1,1,0.111111,1,1,1,-1
+1,-0.830701,1,0.333333,0.333333,-0.333333,-0.111111,1,-0.111111,0.333333,-0.777778
+1,-0.90353,0.111111,0.555556,0.333333,0.555556,0.111111,0.555556,0.555556,0.777778,-1
+1,-0.926428,-0.111111,0.111111,0.111111,0.555556,0.111111,1,-0.333333,1,-0.333333
+1,-0.988118,0.333333,0.111111,1,-0.111111,-0.555556,1,0.777778,1,-0.777778
+1,-0.813315,-0.333333,1,-0.333333,0.333333,-0.555556,1,0.777778,1,-1
+1,-0.84231,-0.111111,0.555556,0.777778,-0.333333,-0.555556,1,0.333333,-1,-1
+1,-0.815541,1,0.111111,0.111111,-0.777778,-0.333333,1,0.777778,0.333333,-1
+1,-0.842637,1,-0.333333,-0.777778,-1,-0.555556,-0.777778,-0.333333,-0.555556,1
+1,-0.843604,1,-0.111111,-0.111111,0.111111,0.555556,0.555556,0.333333,-1,-1
+1,-0.808715,0.555556,1,-0.333333,-0.333333,0.555556,1,0.555556,-0.777778,-1
+1,-0.827324,0.555556,1,1,1,-0.111111,1,0.555556,1,0.111111
+1,-0.881118,0.555556,1,1,0.333333,1,1,0.333333,-0.555556,0.555556
+1,-0.987742,0.555556,-0.333333,-0.333333,-1,-0.777778,0.777778,-0.555556,-0.555556,-1
+1,-0.808872,0.555556,-0.333333,-0.333333,-1,0.111111,1,-0.777778,-0.111111,-0.777778
+1,-0.844156,0.333333,0.555556,0.333333,-0.777778,-0.333333,0.555556,-0.555556,0.555556,-0.777778
+1,-0.829951,-0.111111,1,1,-0.555556,0.555556,-1,-0.111111,1,-0.555556
+1,-0.810759,-0.333333,0.333333,0.555556,-0.555556,-0.333333,1,0.777778,-1,-1
+1,-0.878279,-0.111111,0.333333,1,0.111111,-0.111111,1,0.333333,-0.111111,-1
+1,-0.812944,-0.111111,1,1,1,1,-0.777778,1,1,1
+1,-0.835221,1,-0.555556,-0.111111,-1,1,-0.111111,-0.555556,1,-0.777778
+1,-0.995169,0.111111,1,1,1,0.555556,1,0.333333,1,0.333333
+1,-0.830107,0.555556,0.111111,-0.111111,-0.333333,-0.555556,1,0.111111,-1,-1
+1,-0.828567,0.333333,-0.111111,1,1,1,1,-0.333333,1,-0.555556
+1,-0.815531,1,-0.555556,-0.333333,-0.111111,-0.555556,1,-0.333333,-1,-1
+1,-0.825427,1,-0.333333,-0.111111,-0.111111,-0.111111,1,-0.333333,-1,-1
+1,-0.828558,-0.555556,1,0.555556,0.333333,0.111111,0.777778,0.777778,-0.555556,0.555556
+1,-0.833198,-0.111111,1,0.555556,1,0.555556,1,-0.555556,0.111111,-0.555556
+1,-0.889455,-0.111111,1,1,1,-0.111111,-0.777778,0.555556,-0.111111,-1
+1,-0.947887,1,-0.333333,-0.111111,-0.333333,-0.555556,-0.111111,0.333333,-0.555556,-1
+1,-0.913767,1,1,1,0.333333,0.777778,1,0.333333,1,1
