-1,-0.824738,-0.777778,-0.555556,-0.777778,-0.777778,-0.777778,-0.777778,-0.555556,-1,-1
-1,-0.821636,0.111111,-1,-1,-1,-1,-1,-1,-1,-1
-1,-0.842892,-1,-1,-1,-1,-0.777778,-1,-1,-1,-1
-1,-0.904305,-1,-1,-1,-1,-1,-1,-0.777778,-1,-1
-1,-0.824353,-1,-1,-1,-1,-0.777778,-1,-1,-1,-1
-1,-0.838607,-0.111111,-0.777778,-1,-1,-0.777778,-1,-0.555556,-1,-1
-1,-0.89452,-0.555556,-1,-1,-0.777778,-0.777778,-1,-1,-1,-1
-1,-0.850038,-0.777778,-1,-1,-1,-0.777778,-1,-0.777778,-1,-1
-1,-0.948013,-1,-1,-1,-1,-0.777778,-1,-1,-1,-1
-1,-0.849578,-0.555556,-1,-1,-1,-1,-1,-0.777778,-1,-1
-1,-0.810367,-0.111111,-1,-0.555556,-1,-0.777778,-1,-0.555556,-1,-1
-1,-0.824892,-0.111111,-1,-1,-1,-0.777778,-1,-0.777778,-1,-1
-1,-0.961017,-1,-1,-1,-1,-0.777778,-1,-0.777778,-1,-1
-1,-0.941918,-1,-1,-1,-1,-0.777778,-1,-0.777778,-1,-1
-1,-0.816889,-1,-1,-1,-1,-0.777778,-1,-0.555556,-1,-1
-1,-0.836143,-0.777778,-1,-1,-1,-0.777778,-1,-0.555556,-1,-1
-1,-0.813265,-0.555556,-1,-1,-1,-0.777778,-1,-1,-1,-1
-1,-0.899823,-1,-1,-1,-0.555556,-0.777778,-0.555556,-1,-1,-1
-1,-0.88636,-1,-1,-1,-1,-0.777778,-1,-0.555556,-1,-1
-1,-0.911706,-1,-1,-1,-0.555556,-0.777778,-1,-1,-1,-1
-1,-0.899893,-0.555556,-1,-1,-1,-0.777778,-1,-0.555556,-1,-1
-1,-0.889168,-1,-1,-1,-1,-0.777778,-1,-1,-1,-1
-1,-0.805017,-0.777778,-1,-1,-1,-0.777778,-1,-1,-1,-1
-1,-0.904305,-1,-1,-1,-1,-1,-1,-0.777778,-1,-1
-1,-0.919383,-0.333333,-1,-1,-1,-0.777778,-1,-1,-1,-1
-1,-0.809363,-0.333333,-1,-1,-1,-0.777778,-1,-0.555556,-1,-1
-1,-0.83028,-0.555556,-1,-1,-1,-0.777778,-1,-1,-1,-1
-1,-0.830767,-0.555556,-0.777778,-1,-1,-0.777778,-1,-0.777778,-0.777778,-1
-1,-0.885398,-0.111111,-0.777778,-0.777778,-0.777778,-0.555556,-1,-1,-0.555556,-1
-1,-0.815306,-0.111111,-1,-1,-1,-0.777778,-1,-1,-1,-1
-1,-0.833797,-0.555556,-1,-1,-1,-0.777778,-1,-0.555556,-1,-1
-1,-0.849517,-0.555556,-1,-1,-1,-1,-1,-0.777778,-1,-1
-1,-0.808173,-1,-1,-1,-1,-0.777778,-1,-1,-1,-1
-1,-0.818622,-0.333333,-1,-1,-1,-0.777778,-1,-1,-1,-1
-1,-0.939731,-1,-1,-1,-1,-0.777778,-1,-1,-1,-1
-1,-0.832868,-0.111111,-1,-0.333333,-1,-0.777778,-1,-0.555556,-0.777778,-1
-1,-0.832643,-0.777778,-1,-1,-1,-0.777778,-1,-1,-1,-1
-1,-0.836553,-0.333333,-1,-1,-1,-0.777778,-1,-0.555556,-1,-1
-1,-0.832868,-1,-1,-1,-1,-1,-1,-1,-1,-1
-1,-0.876813,-0.555556,-0.777778,-0.777778,-1,-0.333333,-0.555556,-0.777778,-1,-1
-1,-0.815814,-0.111111,-0.777778,-1,-1,-0.777778,-1,-1,-1,-1
-1,-0.90565,-1,-1,-1,-1,-0.777778,-1,-0.777778,-1,-1
-1,-0.833671,-0.555556,-1,-1,-1,-0.777778,-1,-0.555556,-1,-1
-1,-0.808009,-0.555556,-1,-1,-1,-0.777778,-1,-0.555556,-1,-1
-1,-0.836476,-1,-1,-1,-1,-1,-1,-1,-1,-1
-1,-0.811635,-0.111111,-1,-1,-1,-0.777778,-1,-0.777778,-0.777778,-1
-1,-0.834238,-0.555556,-0.555556,-0.777778,-1,-0.777778,-0.555556,-0.555556,-1,-1
-1,-0.83061,-0.111111,-1,-1,-1,-0.777778,-1,-0.777778,-1,-1
-1,-0.81101,-0.555556,-1,-1,-1,-0.777778,-1,-0.777778,-1,-1
-1,-0.814942,-0.111111,-0.555556,-0.777778,-0.333333,-0.777778,-1,-1,-1,-1
-1,-0.824449,-1,-1,-1,-1,-0.777778,-1,-1,-1,-1
-1,-0.829966,-0.777778,-1,-1,-1,-0.777778,-1,-0.555556,-1,-1
-1,-0.831652,-0.777778,-1,-1,-1,-0.777778,-0.111111,-1,-1,-1
-1,-0.95835,-1,-1,-0.555556,-1,-0.777778,-1,-1,-1,-1
-1,-0.828413,-0.111111,-1,-1,-1,-0.777778,-1,-0.777778,-1,-1
-1,-0.824562,-1,-1,-1,-1,-0.777778,-1,-0.777778,-1,-1
-1,-0.839112,0.333333,-1,-0.777778,-0.555556,-0.777778,-1,-0.777778,-1,-1
-1,-0.833149,-0.555556,-1,-1,-1,-0.777778,-1,-0.777778,-0.777778,-1
-1,-0.842757,-0.111111,-1,-0.777778,-1,-0.777778,-1,-0.555556,-1,-1
-1,-0.842614,-0.333333,-1,-1,-1,-0.777778,-1,-0.555556,-1,-1
-1,-0.935899,-0.333333,-0.555556,-0.777778,-1,-0.555556,-1,-0.777778,-1,-1
-1,-0.83269,-0.555556,-1,-0.555556,-1,-0.555556,-0.333333,-1,-1,-1
-1,-0.891856,-0.111111,-1,-0.777778,-1,-0.777778,-1,-1,-1,-1
-1,-0.808666,-1,-1,-1,-1,-1,-1,-0.777778,-1,-1
-1,-0.840227,-0.555556,-1,-1,-1,-0.777778,-0.555556,-0.555556,-1,-1
-1,-0.814618,-0.555556,-1,-1,-1,-1,-1,-0.777778,-1,-1
-1,-0.825079,-1,-1,-1,-1,-0.777778,-1,-0.777778,-1,-1
-1,-0.810127,-1,-1,-1,-1,-0.777778,-1,-1,-1,-1
-1,-0.838149,-0.555556,-1,-1,-1,-0.777778,-0.777778,0.333333,-1,-1
-1,-0.818253,-0.333333,-1,-1,-1,-0.777778,-1,-1,-0.777778,-1
-1,-0.818876,-0.111111,-1,-1,-0.555556,-0.333333,-1,-0.555556,-0.777778,-1
-1,-0.847593,-0.555556,-1,-1,-1,-0.777778,-1,-0.777778,-1,-1
-1,-0.843225,-0.111111,-1,-1,-1,-0.777778,-1,-0.555556,-1,-1
-1,-0.832743,-0.333333,-1,-0.777778,-1,-0.777778,-1,-0.777778,-1,-1
-1,-0.829509,0.111111,-1,-1,-1,-0.777778,-1,-0.555556,-1,-1
-1,-0.815675,-0.777778,-1,-1,-1,-0.777778,-1,-1,-1,-1
-1,-0.821587,-0.555556,-1,-1,-1,-0.777778,-1,-1,-1,-1
-1,-0.824503,-0.777778,-0.555556,-1,-1,-0.555556,-1,-1,-1,-1
-1,-0.836809,-0.555556,-1,-1,-1,-0.777778,-1,-0.777778,-1,-1
-1,-0.813646,-1,-1,-1,-0.555556,-0.777778,-1,-1,-1,-1
-1,-0.812116,-0.777778,-1,-1,-1,-0.777778,-1,-0.777778,-1,-1
-1,-0.929627,-1,-1,-1,-1,-0.777778,-1,-1,-1,-1
-1,-0.844351,-1,-1,-1,-1,-0.777778,-1,-0.777778,-1,-1
-1,-0.818646,-0.111111,-1,-1,-1,-0.777778,-1,-0.777778,-0.777778,-1
-1,-0.830243,-1,-1,-1,-1,-0.777778,-1,-0.555556,-1,-1
-1,-0.859737,-0.555556,-0.777778,-0.777778,-0.777778,-0.777778,-1,-0.555556,-0.777778,-1
-1,-0.834196,-1,-1,-1,-1,-0.333333,-0.555556,-1,-1,-1
-1,-0.842679,-0.111111,-1,-1,-1,-0.555556,-0.777778,-0.777778,-0.777778,-1
-1,-0.831254,-0.777778,-1,-1,-1,-0.777778,-1,-0.555556,-1,-1
-1,-0.826763,-1,-1,-1,-1,-0.777778,-1,-0.777778,-1,-1
-1,-0.892886,-0.111111,-1,-1,0.111111,-0.555556,-1,-0.777778,-1,-1
-1,-0.811619,-0.333333,-1,-1,-1,-0.777778,-1,-0.777778,-1,-1
-1,-0.852668,-1,-1,-1,-1,-0.777778,-1,-1,-1,-1
-1,-0.819849,-0.333333,-1,-1,-1,-0.777778,-1,-1,-1,-1
-1,-0.834465,-1,-1,-1,-1,-0.777778,-1,-0.777778,-0.555556,-1
-1,-0.83649,-0.111111,-1,-1,-1,-0.777778,-0.777778,-0.777778,-1,-1
-1,-0.832976,-1,-1,-0.777778,-1,-0.777778,-1,-0.777778,-1,-1
-1,-0.830357,-1,-1,-1,-0.777778,-1,-1,-1,-1,-1
-1,-0.929511,-0.555556,-1,-1,-1,-0.555556,-1,-0.777778,-1,-1
-1,-0.898443,-0.555556,-0.777778,-0.777778,-1,-0.777778,-1,-0.777778,-0.555556,-1
-1,-0.811525,-0.333333,-1,-0.777778,-1,-0.777778,-1,-0.777778,-1,-1
-1,-0.826171,-1,-1,-1,-1,-0.777778,-1,-0.777778,-1,-1
-1,-0.85768,0.111111,0.555556,0.555556,-1,-0.555556,-0.333333,-0.555556,0.333333,-1
-1,-0.826449,0.111111,-0.777778,-0.555556,-1,-0.777778,-1,-1,-1,-1
-1,-0.840484,-1,-1,-1,-0.777778,-0.777778,-1,-0.777778,-1,-1
-1,-0.973177,-0.111111,0.333333,0.333333,-1,-0.111111,0.555556,-0.555556,-0.333333,-1
-1,-0.821672,-0.555556,-1,-1,-1,-0.777778,-1,-1,-1,-1
-1,-0.817006,-0.555556,-1,-1,-1,-0.777778,-1,-0.777778,-1,-1
-1,-0.850198,-0.555556,-0.777778,-1,-1,-1,-1,-0.777778,-1,-1
-1,-0.831962,-1,-1,-1,-1,-1,-1,-0.555556,-1,-1
-1,-0.853981,-0.333333,-1,-0.555556,-1,-0.777778,-1,-0.777778,-1,-1
-1,-0.852671,-0.333333,-1,-1,-1,-0.777778,-1,-0.555556,-1,-1
-1,-0.945452,-1,-1,-0.555556,-1,-1,-1,-0.777778,-1,-1
-1,-0.857569,-0.333333,-1,-1,-0.555556,-0.777778,-1,-0.555556,-1,-1
-1,-0.828509,-0.555556,-1,-1,-1,-1,-1,-0.777778,-1,-1
-1,-0.832594,-0.777778,-1,-1,-1,-0.777778,-1,-0.777778,-1,-1
-1,-0.857807,-0.555556,-1,-1,-1,-0.777778,-0.777778,-0.555556,-1,-1
-1,-0.909982,-1,-1,-1,-1,-0.777778,-1,-0.555556,-1,-1
-1,-0.917427,-0.111111,-0.555556,-0.333333,-0.555556,-0.333333,-0.111111,-0.333333,0.333333,-1
-1,-0.834453,-1,-0.555556,-1,-0.777778,-0.777778,-0.777778,-0.111111,-0.555556,-0.777778
-1,-0.830648,-0.555556,-1,-1,-1,-0.777778,-1,-0.555556,-1,-1
-1,-0.832868,-0.555556,-1,-1,-1,-0.777778,-1,-0.777778,-1,-1
-1,-0.849517,-1,-1,-0.555556,-1,-0.777778,-1,-1,-1,-1
-1,-0.828243,0.555556,-0.333333,-0.333333,-0.111111,-0.333333,0.333333,0.333333,0.555556,-0.777778
-1,-0.85163,-0.555556,-1,-1,-1,-0.777778,-1,-0.777778,-1,-1
-1,-0.818737,-0.777778,-1,-1,-1,-0.777778,-1,-0.555556,-1,-1
-1,-0.805548,-1,-1,-0.777778,-1,-0.777778,-1,-0.777778,-1,-1
-1,-0.906705,-1,-1,-1,-1,-0.777778,-1,-1,-1,-1
-1,-0.833439,-0.111111,-1,-0.555556,-1,-0.777778,-1,-0.777778,-1,-1
-1,-0.853679,-0.555556,-1,-1,-1,-0.777778,-1,-0.777778,-1,-1
-1,-0.842821,-0.555556,-1,-1,-1,-0.777778,-1,-1,-1,-1
-1,-0.891066,-1,-1,-1,-1,-0.777778,-1,-1,-1,-1
-1,-0.820037,-0.111111,-1,-1,-0.555556,-0.777778,-1,-1,-1,-1
-1,-0.830443,-0.555556,-1,-1,-1,-0.777778,-1,-0.555556,-1,-1
-1,-0.935766,-1,-1,-0.555556,-1,-0.777778,-1,-1,-1,-1
-1,-0.819714,-0.111111,-1,-0.555556,-0.555556,-0.777778,-0.777778,-0.777778,-0.555556,-1
-1,-0.850107,-0.111111,-1,-1,-1,-0.777778,-1,-0.777778,-1,-1
-1,-0.826012,-1,-1,-1,-1,-1,-1,-0.555556,-1,-1
-1,-0.835099,-0.333333,-1,-0.777778,-1,-0.777778,-1,-0.555556,-1,-1
-1,-0.901709,-0.333333,-0.333333,-0.333333,-0.333333,0.111111,-0.111111,0.333333,-0.555556,-1
-1,-0.834171,-0.555556,-0.777778,-1,-1,-0.777778,-0.777778,-0.555556,-1,-1
-1,-0.944568,-0.555556,-1,-1,-1,-0.777778,-1,-0.777778,-1,-1
-1,-0.829904,-0.111111,-1,-1,-1,-0.777778,-1,-1,-1,-1
-1,-0.815316,-0.555556,-0.777778,-0.777778,-0.777778,-0.777778,-1,-0.333333,-0.777778,-1
-1,-0.847895,0.111111,-0.777778,-1,-1,-1,-1,0.333333,-1,-1
-1,-0.902133,-1,-1,-1,-1,-0.111111,-1,-0.555556,-1,-1
-1,-0.834115,-1,-1,-0.777778,-0.777778,-0.777778,-1,-0.555556,-1,-1
-1,-0.828258,-0.777778,-1,-1,-1,-0.777778,-1,-1,-1,-1
-1,-0.890217,-1,-1,-1,-1,-0.777778,-1,-0.555556,-1,-1
-1,-0.824857,-0.555556,-0.555556,-0.777778,-1,-0.555556,-1,-0.555556,0.111111,-1
-1,-0.836453,-1,-0.777778,-0.555556,-1,-0.777778,-1,-0.777778,-1,-1
-1,-0.925606,-1,-1,-1,-1,-0.777778,-1,-0.555556,-1,-1
-1,-0.824449,0.111111,-1,-1,-0.555556,-0.777778,-1,-1,-1,-1
-1,-0.826196,-0.555556,-1,-1,-0.555556,-0.777778,-1,-1,-1,-1
-1,-0.822249,-0.777778,-0.555556,-1,-1,-0.111111,-1,-1,-1,-1
-1,-0.816285,-0.555556,-0.777778,-0.777778,-0.555556,-0.777778,-1,-1,-1,-1
-1,-0.824176,-0.777778,-1,-1,-1,-1,-1,-1,-1,-1
-1,-0.809809,-0.555556,-1,-1,-1,-0.777778,-1,-0.777778,-1,-1
-1,-0.826724,-1,-0.777778,-1,-0.555556,-0.777778,-1,-1,-0.777778,-1
-1,-0.807114,-0.111111,-0.555556,-0.777778,-1,-0.555556,-1,-1,-1,-1
-1,-0.812272,-0.555556,-1,-0.777778,-0.777778,-0.777778,-1,-1,-1,-1
-1,-0.818876,-0.777778,-1,-1,-1,-0.777778,-1,-0.777778,-1,-1
-1,-0.824381,-0.555556,-0.555556,-0.777778,0.111111,-0.555556,-0.555556,-0.555556,-0.111111,-1
-1,-0.857339,-0.777778,-1,-0.777778,-1,-0.777778,-1,-0.555556,-1,-1
-1,-0.84462,-1,-1,-1,-1,-0.777778,-1,-0.777778,-1,-0.777778
-1,-0.836771,-1,-1,-1,-1,-0.777778,-1,-0.555556,-1,-1
-1,-0.824613,-0.555556,-1,-0.777778,-1,-0.777778,-1,-0.777778,-1,-1
-1,-0.883744,-0.777778,-1,-1,-1,-0.777778,-1,-1,-1,-1
-1,-0.860107,-0.111111,-1,-1,-1,-0.777778,-1,-0.555556,-1,-1
-1,-0.824176,-0.555556,-1,-1,-1,-1,-1,-1,-1,-1
-1,-0.817131,-0.111111,-1,-1,-0.777778,-0.777778,-0.777778,-0.555556,-1,-1
-1,-0.833998,-0.111111,-0.555556,-1,-1,-0.777778,-1,-1,-1,-1
-1,-0.833103,-0.555556,-1,-1,-1,-0.555556,-1,-0.777778,-1,-1
-1,-0.876761,-0.333333,-0.333333,-0.333333,-0.777778,-0.777778,-0.555556,-0.777778,-1,-1
-1,-0.810361,-0.555556,-1,-0.777778,-1,-0.777778,-1,-0.555556,-1,-1
-1,-0.854709,-0.777778,-1,-1,-1,-0.777778,-1,-0.777778,-1,-1
-1,-0.814358,-0.333333,-0.333333,-0.777778,-1,-0.777778,-0.111111,-0.777778,-1,-0.777778
-1,-0.859809,-1,-1,-1,-0.555556,-1,-0.555556,-1,-1,-1
-1,-0.833254,-0.777778,-1,-1,-1,-0.777778,-1,-0.555556,-1,-1
-1,-0.831661,-1,-1,-1,-1,-0.777778,-1,-1,-1,-1
-1,-0.812306,-1,-1,-1,-1,-1,-1,-0.777778,-1,-1
-1,-0.813216,-0.333333,-0.555556,-1,-1,-0.777778,-1,-0.333333,0.555556,-1
-1,-0.956729,-0.333333,-1,-1,-0.777778,-0.777778,-1,-1,-1,-1
-1,-0.849494,-0.555556,-0.555556,-0.777778,-0.777778,-0.555556,-1,-1,-0.777778,-0.555556
-1,-0.816206,-0.333333,-1,-1,-1,-0.777778,-1,-1,-1,-1
-1,-0.851722,-0.777778,-1,-1,-1,-0.777778,-1,-0.777778,-1,-1
-1,-0.832868,-0.333333,-0.777778,-1,-1,-0.777778,-1,-1,-1,-1
-1,-0.843,-0.777778,-1,-1,-1,-0.777778,-1,-0.777778,-0.777778,-1
-1,-0.83458,-0.555556,-1,-1,-1,-1,-1,-0.777778,-1,-1
-1,-0.839778,-0.777778,-1,-1,-1,-0.555556,-1,-0.777778,-1,-1
-1,-0.81555,-1,-1,-1,-1,-0.777778,-1,-1,-1,-1
-1,-0.815898,-0.333333,-1,-0.777778,-1,-0.777778,-1,-1,-1,-1
-1,-0.916089,0.555556,-0.777778,-1,-1,-0.111111,-1,-1,-1,-1
-1,-0.835423,-0.777778,-1,-1,-0.777778,-0.777778,-1,-1,-1,-1
-1,-0.849083,-0.111111,-1,-1,-1,-0.777778,-1,-0.777778,-1,-1
-1,-0.924879,-0.555556,-1,-1,-1,-0.777778,-1,-0.777778,-0.555556,-1
-1,-0.81997,-1,-1,-1,-1,-0.777778,-1,-1,-1,-1
-1,-0.836476,-1,-1,-1,-1,-0.777778,-1,-0.777778,-1,-1
-1,-0.914411,-1,-1,-1,-1,-0.777778,-1,-1,-1,-1
-1,-0.855171,-0.333333,-0.777778,-1,-1,-0.777778,-1,-0.777778,-1,-1
-1,-0.834485,-0.555556,-1,-1,-1,-0.777778,-1,-1,-1,-1
-1,-0.884444,-0.777778,-1,-1,-1,-0.777778,-1,-0.555556,-1,-1
-1,-0.832993,-1,-1,-1,-1,-1,-1,-1,-1,-1
-1,-0.826805,-0.111111,-0.555556,-0.555556,-1,-0.777778,-1,-0.777778,-1,-1
-1,-0.818876,-1,-0.555556,-1,-1,-0.777778,-1,-0.777778,-0.777778,-1
-1,-0.885961,-1,-1,-1,-1,-0.777778,-1,-1,-1,-1
-1,-0.812376,-0.555556,-1,-1,-0.777778,-0.555556,-0.333333,-1,-1,-1
-1,-0.848267,-0.777778,-1,-1,-1,-0.777778,-1,-0.777778,-1,-1
-1,-0.936837,-0.555556,-1,-1,-1,-0.777778,-1,-0.555556,-1,-1
-1,-0.829607,-1,-1,-1,-1,-0.777778,-1,-1,-1,-1
-1,-0.859671,-0.111111,-0.333333,-0.333333,-0.111111,0.333333,1,-0.555556,-0.777778,-1
-1,-0.820099,-0.111111,-1,-0.555556,-1,-0.777778,-1,-1,-1,-1
-1,-0.827709,-1,-1,-1,-1,-0.777778,-1,-0.555556,-1,-1
-1,-0.818876,-0.555556,-1,-1,-0.555556,-1,-1,-0.555556,-1,-1
-1,-0.89346,-0.555556,-1,-1,-1,-0.555556,-0.777778,-1,-1,-1
-1,-0.895213,-0.111111,-1,-1,-1,-0.777778,-1,-0.555556,-1,-0.777778
-1,-0.844351,-0.333333,-1,-1,-1,-0.777778,-1,-1,-1,-1
-1,-0.840099,-0.333333,-1,-1,-1,-1,-1,-0.777778,-1,-1
-1,-0.837775,-1,-1,-1,-1,-0.777778,-1,-1,-1,-1
-1,-0.824271,-1,-1,-1,-1,-0.777778,-1,-0.777778,-1,-1
-1,-0.834221,0.555556,-0.555556,-0.555556,-1,-0.777778,-0.777778,-0.555556,-0.777778,-1
-1,-0.82577,-1,-1,-1,-1,-0.777778,-1,-0.777778,-1,-1
-1,-0.827559,-0.333333,-1,-1,-1,-0.777778,-1,-0.777778,-1,-1
-1,-0.842757,-1,-1,-1,-1,-0.777778,-1,-0.777778,-1,-1
-1,-0.818622,-0.111111,-1,-1,-0.555556,-0.777778,-1,-1,-1,-1
-1,-0.881689,-1,-1,-1,-1,-0.777778,-1,-0.777778,-1,-1
-1,-0.833764,-1,-1,-1,-1,-0.777778,-1,-0.777778,-1,-1
-1,-0.842892,-1,-1,-1,-1,-0.777778,-0.777778,-0.777778,-1,-1
-1,-0.830798,-0.333333,-1,-1,-1,-0.777778,-1,-1,-1,-1
-1,-0.811547,-0.555556,-1,-1,-1,-0.777778,-1,-0.555556,-1,-1
-1,-0.911227,-0.555556,-1,-1,-0.333333,-0.555556,-1,-0.777778,-0.777778,-1
-1,-0.840344,-1,-1,-0.333333,-1,-0.777778,-1,-0.777778,-1,-1
-1,-0.954269,-0.333333,-1,-1,-1,-0.555556,-1,-1,-1,-1
-1,-0.829559,-0.333333,-1,-1,-1,-0.777778,-1,-0.777778,-1,-1
-1,-0.821968,-0.555556,-0.777778,-0.777778,-0.555556,-0.777778,-0.555556,-0.555556,-1,-1
-1,-0.925725,-0.555556,-1,-0.777778,-1,-0.777778,-1,-0.777778,-1,-1
-1,-0.914457,-1,-1,-1,-1,-0.777778,-1,-0.555556,-1,-1
-1,-0.833599,-1,-1,-1,-1,1,-1,-1,-1,-1
-1,-0.89887,-1,-1,-1,-1,-0.777778,-1,-0.555556,-1,-1
-1,-0.826741,-1,-1,-1,-1,-0.777778,-1,-0.555556,-1,-1
-1,0.220274,-0.333333,-1,-1,-1,-1,-1,-0.777778,-1,-1
-1,-0.808495,-0.555556,-1,-1,-0.555556,-0.777778,-1,-0.777778,-1,-1
-1,-0.834122,-0.111111,-1,-1,-0.777778,-1,-1,-0.777778,-1,-1
-1,-0.829961,-0.333333,-1,-1,-0.555556,-1,-1,-0.777778,-1,-1
-1,-0.819481,-1,-1,-1,-1,-0.777778,-1,-0.777778,-1,-1
-1,-0.832114,-0.555556,-1,-1,-0.555556,0.555556,-1,-0.111111,0.555556,-1
-1,-0.820364,-0.111111,-1,-0.777778,-1,-0.777778,-1,-1,-1,-1
-1,-0.841494,-1,-0.555556,-0.555556,-0.777778,-0.777778,-1,0.333333,-0.777778,-1
-1,-0.857408,-1,-1,-1,-1,-0.777778,1,-0.555556,-1,-1
-1,-0.83688,-0.777778,-1,-1,-0.777778,-0.555556,-1,-0.777778,-1,-1
-1,-0.829331,-0.777778,-1,-1,-1,-1,-1,-0.555556,-1,-1
-1,-0.828385,-0.555556,-1,-1,-1,-0.777778,-1,-0.555556,-1,-1
-1,-0.839935,-0.333333,-1,-1,-1,-0.777778,-1,-0.777778,-1,-1
-1,-0.84572,0.111111,-0.555556,-0.555556,-0.555556,-0.555556,-0.777778,0.111111,-1,-1
-1,-0.885312,-1,-1,-1,-1,-1,-1,-1,-0.555556,-1
-1,-0.850853,-1,-1,-0.555556,-0.777778,-0.777778,-1,-0.555556,-1,-1
-1,-0.828181,-0.555556,-1,-1,-1,-0.777778,-1,-1,-1,-1
-1,-0.835607,-1,-1,-1,-1,-0.777778,-1,-0.555556,-1,-1
-1,-0.815365,-0.777778,-1,-1,-1,-0.777778,-1,-1,-1,-1
-1,-0.89452,-0.333333,-1,-1,-1,-0.777778,-1,-1,-1,-1
-1,-0.829297,-1,-0.777778,-0.555556,-1,-0.777778,-1,-1,-1,-1
-1,-0.951949,-0.111111,-1,-0.777778,-1,-0.777778,-1,-0.555556,-1,-1
-1,-0.849393,-0.777778,-1,-1,-1,-0.777778,-1,-0.555556,-1,-1
-1,-0.827405,-0.333333,-1,-1,-1,-0.777778,-1,-1,-1,-1
-1,-0.85621,-0.777778,-1,-1,-1,-0.777778,-1,-1,-1,-1
-1,-0.83736,-0.333333,-1,-1,-1,-0.777778,-1,-0.555556,-1,-1
-1,-0.890217,-0.333333,-1,-1,-1,-0.777778,-1,-0.555556,-1,-1
-1,-0.990339,-1,-1,-1,-1,-0.777778,-0.111111,-0.111111,-1,-1
-1,-0.82841,-1,-1,-1,-1,-0.777778,-1,-0.555556,-1,-1
-1,-0.939731,-1,-1,-1,-1,-0.777778,-1,-1,-1,-1
-1,-0.812297,-0.111111,-1,-1,-1,-0.777778,-1,-0.777778,-1,-1
-1,-0.848968,-0.777778,-1,-1,-0.777778,-0.777778,-1,-0.555556,-1,-1
-1,-0.888473,-1,-1,-1,-1,-0.777778,-1,-0.555556,-1,-1
-1,-0.905858,-1,-1,-1,-1,-0.777778,-1,-1,-1,-1
-1,-0.94502,-0.555556,-1,-1,-1,-0.777778,-1,-0.555556,-0.777778,-1
-1,-0.981997,-1,-0.777778,-0.777778,-1,-0.777778,-1,-1,-1,-1
-1,-0.855171,-0.777778,-1,-1,-1,-0.777778,-1,-1,-1,-0.111111
-1,-0.807114,-0.777778,-1,-1,-1,-0.777778,-1,-0.555556,-1,-1
-1,-0.899823,-1,-1,-1,-1,-0.777778,-0.777778,-1,-1,-1
-1,-0.805109,-0.111111,-1,-1,-1,-0.777778,-1,-1,-1,-1
-1,-0.821495,-0.111111,-0.555556,0.111111,-1,-0.777778,-1,-1,-1,-1
-1,-0.902821,-0.555556,-1,-1,-1,-0.777778,-1,-1,-1,-1
-1,-0.828066,-0.555556,-1,-1,-1,-0.777778,-1,-0.777778,-1,-1
-1,-0.852536,0.111111,-1,-1,-1,-0.777778,-1,-0.555556,-1,-1
-1,-0.85539,-0.777778,-1,-1,-1,-1,-1,-0.777778,-1,-1
-1,-0.815863,-0.333333,-1,-1,-1,-0.777778,-1,-1,-1,-1
-1,-0.827662,-1,-1,-1,-1,-0.777778,-1,-0.555556,-1,-1
-1,-0.879917,-0.333333,-0.777778,-0.777778,-1,-0.777778,-1,-0.777778,-1,-1
-1,-0.913772,-1,-1,-1,-1,-0.777778,-1,-0.777778,-1,-1
-1,-0.834221,-1,-1,-1,-1,-0.777778,-0.111111,-1,-1,-1
-1,-0.815976,-1,-1,-1,-1,-0.777778,-0.333333,-1,-1,-1
-1,-0.810128,-0.111111,-0.777778,-0.333333,-1,-1,-1,-1,-1,-1
-1,-0.852842,-0.333333,-1,-1,-1,-0.777778,-1,-0.777778,-1,-1
-1,-0.810216,-0.333333,-1,-1,-1,-0.777778,-0.555556,-0.777778,-1,-1
-1,-0.810302,-0.555556,-1,-1,-1,-0.777778,-1,-0.777778,-1,-1
-1,-0.807375,-0.555556,-0.777778,-1,-0.777778,-0.777778,-1,-0.555556,-1,-1
-1,-0.819964,-0.555556,-1,-1,-1,-0.777778,-0.111111,-1,-1,-1
-1,-0.816285,0.111111,0.777778,0.333333,-0.111111,-0.111111,0.555556,-0.333333,-0.777778,-1
-1,-0.826759,-0.555556,-1,-1,-1,-0.777778,-0.333333,-1,-1,-1
-1,-0.832868,-0.555556,-1,-1,-1,-0.777778,-1,-1,-1,-1
-1,-0.908855,-0.555556,-1,-1,-1,-0.777778,-0.111111,-0.111111,-1,-1
-1,-0.825483,-0.333333,-0.777778,-0.777778,-1,-0.777778,-1,-0.777778,-1,-1
-1,-0.895473,-0.555556,-1,-1,-1,-0.777778,-1,-0.777778,-1,-0.777778
-1,-0.809363,-1,-1,-1,-1,-0.777778,-1,-0.777778,-1,-1
-1,-0.81212,-0.111111,-1,-1,-0.555556,-0.777778,-1,-1,-1,-1
-1,-0.810245,-0.111111,-0.333333,-0.111111,-1,0.555556,-1,-0.555556,0.111111,-1
-1,-0.935766,-0.333333,-1,-0.777778,-1,-0.777778,-1,-0.777778,-1,-1
-1,-0.959716,-1,-1,-1,-1,-0.555556,-1,-1,-1,-1
-1,-0.888838,0.111111,-1,-0.555556,-0.777778,-0.777778,-1,-1,-1,-1
-1,-0.875584,-0.777778,-1,-1,-1,-0.777778,-1,-0.555556,-1,-1
-1,-0.828135,-1,-1,-1,-1,-0.777778,-1,-1,-1,-1
-1,-0.856787,-0.777778,-1,-1,-1,-0.777778,-1,-1,-1,-1
-1,-0.830443,-0.555556,-1,-1,-1,-0.777778,-1,-0.555556,-1,-1
-1,-0.812028,-0.111111,-1,-1,-1,-0.777778,-1,-0.555556,-1,-1
-1,-0.840241,-0.111111,-0.555556,-1,-0.777778,-0.777778,-1,-0.777778,-1,-1
-1,-0.804563,-0.111111,-1,-1,-1,-0.777778,-1,-0.555556,-0.777778,-1
-1,-0.810614,-0.333333,-1,-1,-1,-0.777778,-1,-0.555556,-0.777778,-1
-1,-0.827694,-0.111111,-1,-1,-1,-0.777778,-1,-0.555556,-1,-1
-1,-0.807051,-1,-1,-1,-1,-0.777778,-1,-0.777778,-1,-1
-1,-0.81077,-0.111111,-1,-1,-1,-0.777778,-1,-0.777778,-1,-1
-1,-0.830125,-1,-1,-1,-1,-0.777778,-1,-0.777778,-1,-1
-1,-0.882987,-0.555556,-0.333333,-0.111111,-0.555556,0.333333,-0.555556,-0.333333,0.111111,-1
-1,-0.826661,0.111111,-1,-0.555556,-1,-0.777778,-1,-0.555556,-1,-1
-1,-0.817466,-1,-1,-1,-1,-0.777778,-1,-0.555556,-1,-1
-1,-0.91442,-0.111111,-1,-1,-1,-0.777778,-1,-1,-1,-1
-1,-0.82118,-0.555556,-1,-0.333333,-1,-0.777778,-1,-1,-1,-1
-1,-0.815316,-0.111111,-1,-1,-1,-0.777778,-1,-0.777778,-1,-1
-1,-0.909855,-1,-1,-1,-1,-0.777778,-1,-0.555556,-1,-1
-1,-0.929306,-1,-1,-1,-1,-0.777778,-1,-1,-1,-1
-1,-0.838392,0.111111,-1,-1,-1,-0.777778,-1,-0.777778,-1,-1
-1,-0.808516,-1,-1,-0.555556,-1,-0.777778,-1,-0.777778,-1,-1
-1,-0.832542,-0.333333,-1,-1,-1,-0.777778,-1,-0.777778,-1,-1
-1,-0.924855,-0.111111,-1,-1,-1,-0.777778,-1,-1,-1,-1
-1,-0.824216,-0.111111,-0.777778,-0.777778,-0.777778,-0.777778,-0.777778,-0.555556,-0.777778,-0.777778
-1,-0.894453,-0.111111,-0.777778,-0.777778,-0.777778,-0.777778,-1,-0.777778,-0.777778,-1
-1,-0.832867,-0.555556,-1,-1,-1,-0.777778,-1,-1,-1,-1
-1,-0.875469,-0.777778,-1,-1,-1,-0.777778,-1,-0.777778,-1,-1
-1,-0.818718,-0.111111,-1,-1,-1,-0.777778,-1,-1,-1,-1
-1,-0.816139,-1,-1,-1,-1,-0.777778,-1,-1,-1,-1
-1,-0.816768,-0.555556,-1,-1,-1,-0.777778,-1,-0.777778,-1,-1
-1,-0.830623,-1,-1,-1,-0.777778,-1,-0.555556,-1,-1,0.333333
-1,-0.851322,-0.111111,-1,-1,-1,-0.777778,-1,-1,-1,-1
-1,-0.838607,-0.333333,-1,-1,-0.777778,-0.777778,-1,-0.777778,-1,-1
-1,-0.811073,-1,-1,-1,-1,-0.777778,-1,-0.555556,-1,-1
-1,-0.811288,-0.555556,-1,-1,-1,-0.777778,-1,-0.777778,-1,-1
-1,-0.925725,-1,-1,-1,-1,-0.777778,-1,-1,-1,-1
-1,-0.83535,-0.111111,-1,-1,-1,-0.777778,-1,-0.555556,-1,-1
-1,-0.948013,-0.111111,-1,-1,-1,-0.777778,-1,-0.555556,-1,-1
-1,-0.831675,-0.333333,-1,-1,-1,-0.777778,-0.555556,-1,-1,-1
-1,-0.814784,-0.555556,-1,-1,-1,-0.777778,-1,-0.777778,-1,-1
-1,-0.912847,-1,-1,-1,-1,-0.777778,-1,-0.555556,-1,-1
-1,-0.817437,-0.333333,-1,-1,-0.555556,-0.777778,-1,-1,-1,-1
-1,-0.812306,-1,-1,-1,-1,-1,-1,-1,-1,-1
-1,-0.812028,-0.111111,-1,-1,-1,-0.777778,-1,-0.555556,-1,-1
-1,-0.885856,-0.777778,-1,-1,-1,-0.777778,-1,-1,-1,-1
+1,-0.846481,-0.777778,-0.111111,-0.555556,-0.555556,0.111111,0.333333,0.333333,-0.111111,-1
+1,-0.827747,1,0.555556,0.555556,-0.333333,1,1,0.555556,-1,-1
+1,-0.962504,0.333333,0.777778,-0.333333,1,1,-0.555556,-0.111111,-0.555556,-0.555556
+1,-0.825733,1,1,1,-0.555556,1,1,0.777778,1,-1
+1,-0.88239,-0.777778,0.333333,1,1,0.333333,1,-0.333333,0.777778,-0.333333
+1,-0.857554,0.555556,1,1,0.555556,0.333333,1,0.777778,0.333333,-1
+1,-0.848708,-0.555556,0.111111,-0.333333,1,-0.555556,-0.555556,-0.555556,-0.333333,-1
+1,-0.82036,0.555556,0.333333,0.555556,-0.777778,-0.333333,-0.777778,-0.111111,1,-1
+1,-0.826815,0.555556,0.333333,0.555556,0.333333,-0.111111,-0.111111,-0.111111,1,-0.777778
+1,-0.814366,0.111111,0.111111,0.333333,1,-0.555556,1,0.555556,1,-0.777778
+1,-0.842769,0.777778,1,1,-1,1,0.555556,-0.555556,-0.555556,-1
+1,-0.930701,0.555556,1,1,1,0.555556,1,1,0.333333,-0.555556
+1,-0.823286,1,-0.777778,-0.777778,-1,-0.777778,0.111111,-1,-1,-0.777778
+1,-0.89213,0.555556,0.111111,0.333333,-0.555556,-0.555556,1,-0.555556,-0.333333,-0.777778
+1,-0.812989,-0.333333,0.555556,0.111111,-0.555556,-0.333333,1,0.333333,-1,-1
+1,-0.843352,0.555556,1,1,-1,-0.555556,0.111111,-0.555556,0.777778,-1
+1,-0.82982,-0.111111,-0.555556,-0.555556,-0.555556,0.111111,1,-0.555556,-1,-1
+1,-0.821496,0.777778,1,1,1,1,1,1,1,-1
+1,-0.833693,0.333333,-0.111111,-0.555556,0.333333,-0.333333,1,0.333333,-0.111111,-0.111111
+1,-0.845097,0.111111,1,1,-0.777778,0.555556,1,0.333333,-0.555556,-0.555556
+1,-0.895956,0.555556,1,-0.555556,-0.777778,0.111111,-0.333333,-0.555556,1,-1
+1,-0.885169,-0.555556,-0.333333,-0.333333,1,-0.111111,-1,-0.555556,-0.555556,-1
+1,-0.851958,0.333333,-0.555556,-0.777778,1,-0.111111,1,-0.111111,-0.333333,-0.333333
+1,-0.897016,1,-1,-1,-1,-0.777778,1,-0.111111,-0.333333,-1
+1,-0.829407,0.555556,0.333333,0.111111,-0.333333,-0.333333,1,-0.111111,-1,-1
+1,-0.890381,0.111111,-0.111111,-0.111111,0.555556,-0.333333,1,-0.555556,-0.333333,-1
+1,-0.81543,-0.333333,0.555556,0.333333,1,-0.333333,1,0.333333,-0.111111,-1
+1,-0.820043,0.777778,0.555556,0.555556,0.777778,0.111111,-0.555556,-0.333333,-1,-1
+1,-0.911821,0.555556,-0.555556,-0.333333,0.777778,-0.555556,1,-0.555556,-0.555556,-1
+1,-0.933558,0.333333,-0.333333,-0.111111,1,-0.777778,1,-0.555556,0.555556,-0.777778
+1,-0.834966,0.555556,-0.777778,-0.555556,-1,0.111111,-0.555556,0.333333,-1,-1
+1,-1,0.777778,-1,-0.777778,0.111111,-0.333333,1,0.333333,0.333333,-0.777778
+1,-0.964179,1,-0.333333,-0.333333,1,0.111111,1,-0.111111,-0.111111,-1
+1,-0.834863,0.333333,-0.555556,-0.333333,-0.333333,-0.555556,-0.555556,-0.555556,-0.777778,0.333333
+1,-0.930408,1,1,1,1,1,1,-0.333333,1,1
+1,-0.83054,-0.111111,0.111111,0.333333,0.555556,0.555556,1,-0.555556,1,-0.555556
+1,-0.828005,0.777778,0.333333,0.333333,-0.111111,-0.111111,1,0.333333,0.555556,-0.555556
+1,-0.918634,1,-0.333333,-0.555556,1,-0.333333,1,1,-1,-1
+1,-0.842766,0.111111,-0.555556,-0.333333,-1,-0.111111,-0.777778,-0.555556,0.777778,-1
+1,-0.852997,0.333333,-0.333333,0.111111,-0.333333,0.111111,-1,-0.333333,-0.555556,-1
+1,-0.837449,1,0.555556,0.333333,-0.333333,-0.555556,1,0.333333,0.777778,-1
+1,-0.829218,1,-0.111111,0.111111,1,0.111111,1,0.333333,0.333333,1
+1,-0.985524,-0.111111,0.555556,0.555556,1,-0.111111,1,0.555556,1,-0.555556
+1,-0.83184,1,1,0.555556,0.111111,-0.333333,-0.111111,0.555556,1,-1
+1,-0.843228,0.555556,-0.777778,-0.333333,-1,-0.111111,-1,-0.111111,-0.333333,-0.333333
+1,-0.842105,0.555556,-0.555556,0.555556,-0.555556,-0.333333,0.777778,0.555556,0.777778,0.555556
+1,-0.919664,1,-0.333333,-0.333333,0.111111,-0.777778,1,-0.777778,-0.555556,-1
+1,-0.826387,1,0.111111,-0.333333,-0.555556,1,1,0.777778,1,-1
+1,-0.831204,-0.111111,0.333333,0.777778,0.555556,0.111111,1,0.555556,1,-1
+1,-0.838052,-0.555556,-0.111111,0.333333,0.555556,0.555556,0.777778,0.333333,1,0.333333
+1,-0.831386,-0.111111,-0.111111,-0.111111,0.111111,-0.555556,1,-0.555556,-1,-1
+1,-0.815817,1,0.777778,0.555556,0.333333,0.111111,-0.333333,0.333333,1,-0.555556
+1,-0.935943,1,-0.333333,0.111111,-1,-0.777778,1,-0.111111,-0.555556,-1
+1,-0.817255,0.555556,1,1,1,0.333333,-0.111111,-0.333333,0.555556,0.333333
+1,-0.884384,0.333333,-0.333333,-0.333333,-0.555556,-0.333333,1,0.111111,0.777778,-1
+1,-0.829473,-0.111111,0.555556,0.555556,0.555556,-0.111111,1,0.333333,0.555556,-1
+1,-0.847478,-0.111111,-0.333333,-0.333333,0.777778,-0.777778,1,-0.111111,0.111111,-1
+1,-0.878438,0.111111,1,1,1,1,1,0.555556,1,1
+1,-0.827536,-0.111111,1,1,0.777778,0.111111,1,0.333333,1,-0.111111
+1,-0.843162,-0.111111,-0.777778,-0.555556,-1,0.111111,1,-0.111111,-1,-1
+1,-0.826947,1,1,1,1,-0.555556,1,1,0.111111,-1
+1,-0.956828,1,-0.111111,1,-0.555556,-0.111111,0.555556,0.333333,0.555556,-0.555556
+1,-0.899866,-0.111111,-0.333333,0.111111,1,-0.777778,1,-0.333333,-1,-1
+1,-0.834465,0.111111,-0.111111,-0.333333,-0.333333,-0.555556,0.777778,0.333333,0.555556,-0.555556
+1,-0.938238,1,-0.111111,0.333333,-0.555556,-0.555556,0.333333,-0.555556,-0.555556,0.555556
+1,-0.815365,0.111111,0.111111,0.111111,-0.111111,-0.333333,1,0.333333,0.111111,-0.777778
+1,-0.821657,1,0.111111,-0.111111,0.555556,-0.111111,1,0.555556,0.111111,-1
+1,-0.835103,-0.777778,-0.555556,-0.333333,-0.333333,-0.777778,-0.111111,-0.777778,-0.111111,-1
+1,-0.850295,-0.111111,-0.777778,-0.555556,-0.333333,-0.777778,0.333333,-0.555556,0.111111,-1
+1,-0.881145,-0.111111,-0.555556,-0.555556,-1,-0.555556,-0.555556,-0.555556,-0.555556,-0.555556
+1,-0.841731,0.111111,1,-0.777778,0.555556,1,-0.777778,0.333333,0.555556,1
+1,-0.831676,-0.333333,0.111111,0.111111,-0.111111,0.333333,0.111111,0.333333,0.333333,-0.555556
+1,-0.831843,0.333333,-0.777778,-0.333333,-1,0.111111,1,-0.111111,-0.333333,-0.555556
+1,-0.878341,-0.555556,1,-0.555556,1,0.111111,1,-0.111111,-1,-0.333333
+1,-0.834658,1,1,1,0.555556,-0.777778,1,-0.333333,-1,-1
+1,-0.843914,-0.111111,-0.555556,-0.555556,-0.333333,-0.777778,-0.333333,-0.555556,-0.333333,-1
+1,-0.816117,1,0.555556,1,-1,-0.555556,1,-0.111111,-1,-1
+1,-0.875424,-0.333333,0.555556,0.111111,-0.333333,-0.555556,-0.333333,1,0.111111,-1
+1,-0.998056,1,-0.333333,0.333333,-0.777778,-0.777778,0.555556,0.111111,-1,-1
+1,-0.903958,-0.111111,-0.111111,-0.111111,-0.777778,-0.111111,1,-0.333333,-0.555556,-1
+1,-0.810613,-0.111111,0.333333,1,1,-0.111111,1,1,1,-1
+1,-0.837876,-0.555556,0.111111,0.111111,0.111111,-0.111111,1,0.111111,0.555556,-0.555556
+1,-0.910945,1,0.555556,-0.333333,-0.333333,-0.333333,1,-0.555556,1,-0.333333
+1,-0.825657,0.333333,-0.333333,0.333333,-0.333333,-0.555556,0.333333,0.333333,0.111111,-1
+1,-0.834445,0.555556,0.111111,-0.333333,-0.555556,-0.111111,0.777778,-0.555556,-1,-1
+1,-0.838797,-0.111111,1,1,1,0.111111,1,0.111111,-0.111111,-0.777778
+1,-0.961571,-0.555556,-0.555556,-0.111111,-0.777778,-0.555556,1,0.333333,-1,-1
+1,-0.834104,1,1,1,-0.777778,1,1,-0.111111,-0.555556,-0.555556
+1,-0.821427,0.555556,0.555556,0.777778,0.111111,0.111111,-0.555556,1,1,-1
+1,-0.830794,0.777778,0.777778,1,-0.555556,0.111111,1,0.333333,1,0.111111
+1,-0.849065,1,1,1,1,0.111111,1,0.555556,-1,-0.111111
+1,-0.914499,0.555556,-0.333333,1,-0.111111,-0.333333,-0.333333,0.333333,1,-1
+1,-0.816162,-0.333333,1,0.555556,-0.111111,-0.333333,-1,1,-1,-1
+1,-0.845097,0.111111,1,1,-0.777778,0.555556,1,0.333333,-0.555556,-0.555556
+1,-0.807412,-0.555556,1,0.333333,0.555556,-0.111111,0.555556,0.333333,-0.333333,-1
+1,-0.876716,-0.111111,1,1,-0.555556,0.333333,-0.555556,0.555556,1,-0.777778
+1,-0.909082,0.333333,-0.111111,0.111111,1,-0.333333,1,-0.111111,-0.555556,-1
+1,-0.804697,-0.111111,1,1,1,-0.333333,1,-0.111111,0.111111,-0.555556
+1,-0.82378,1,-0.333333,-0.555556,-0.777778,-0.555556,1,-0.111111,-0.555556,-0.777778
+1,-0.826687,0.111111,1,0.333333,0.333333,0.111111,-0.333333,0.555556,1,-0.777778
+1,-0.827274,0.555556,1,0.555556,0.555556,-0.333333,0.555556,0.333333,0.333333,-1
+1,-0.847545,0.111111,-0.555556,-0.777778,-1,-0.555556,-0.333333,-0.333333,-1,-1
+1,-0.812591,0.777778,1,1,1,1,-0.111111,1,1,1
+1,-0.824015,0.777778,0.555556,0.555556,-0.111111,0.111111,-0.777778,-0.333333,1,-0.333333
+1,-0.851957,1,-0.111111,-0.111111,-0.555556,0.111111,0.333333,0.333333,1,-1
+1,-0.899518,1,-0.333333,-0.555556,1,-0.555556,1,0.333333,-1,-0.777778
+1,-0.834658,-1,0.111111,0.555556,1,0.555556,1,-0.111111,0.333333,-1
+1,-0.826036,0.555556,0.777778,0.777778,-0.111111,-0.555556,-0.111111,0.333333,0.333333,-1
+1,-0.961571,-0.555556,-0.555556,-0.111111,-0.777778,-0.555556,1,0.333333,-1,-1
+1,-0.848128,0.333333,0.111111,0.111111,-0.555556,-0.777778,1,0.333333,-1,-1
+1,-0.970105,-0.111111,1,1,0.111111,1,1,1,0.111111,-0.111111
+1,-0.961011,1,0.555556,0.555556,-0.777778,-0.555556,-0.333333,0.555556,0.333333,0.555556
+1,-0.832062,0.555556,0.555556,0.333333,-0.333333,1,1,0.333333,0.555556,0.333333
+1,-0.807774,-0.111111,1,1,0.555556,-0.111111,-0.111111,0.333333,1,-1
+1,-0.824423,0.555556,-0.111111,0.111111,-0.777778,-0.555556,1,0.111111,0.111111,-1
+1,-0.833834,-0.111111,-0.333333,0.111111,0.333333,0.777778,0.333333,0.555556,1,-1
+1,-0.981337,-0.111111,-0.555556,-0.777778,0.555556,-0.111111,1,0.555556,-1,-0.777778
+1,-0.830114,0.111111,1,1,1,0.555556,1,1,1,0.333333
+1,-0.889023,0.555556,-0.111111,-0.111111,-0.111111,-0.777778,1,-0.333333,-0.555556,-1
+1,-0.808827,1,1,0.555556,1,0.111111,-0.111111,1,-0.555556,-1
+1,-0.82447,1,1,1,0.111111,0.555556,-0.333333,0.555556,-0.111111,-1
+1,-0.952968,1,0.777778,0.333333,-0.555556,-0.333333,-0.777778,0.333333,0.333333,-1
+1,-0.838044,-0.111111,1,0.111111,-1,1,-0.333333,-0.333333,1,1
+1,-0.844637,1,1,1,-0.333333,0.555556,-1,0.555556,1,-1
+1,-0.844028,0.111111,1,-0.111111,-0.111111,-0.333333,1,0.111111,1,-1
+1,-0.834399,1,-0.555556,-0.555556,1,-0.777778,1,0.333333,-0.555556,-0.555556
+1,-0.987826,0.555556,1,1,0.555556,-0.111111,1,0.333333,0.555556,-1
+1,-0.843926,0.777778,-0.111111,0.555556,-1,-0.777778,-0.555556,-0.777778,-1,-0.111111
+1,-0.853454,0.555556,0.333333,-0.111111,1,0.333333,0.777778,-0.111111,-0.111111,-0.333333
+1,-0.845249,1,-0.333333,-0.555556,-1,-0.555556,-0.555556,0.111111,-0.111111,-0.777778
+1,-0.830098,-0.111111,0.555556,0.333333,0.333333,1,1,-0.111111,0.333333,-1
+1,-0.823913,0.555556,1,1,0.555556,0.111111,0.777778,-0.555556,1,1
+1,-0.980901,1,-0.333333,-0.333333,1,-0.777778,1,-0.111111,-0.555556,-0.555556
+1,-0.824364,0.555556,0.333333,0.555556,-0.111111,1,1,0.333333,-0.777778,-1
+1,-0.819942,1,1,0.333333,0.555556,0.333333,-1,1,1,-0.555556
+1,-0.816024,1,1,1,-1,0.111111,-1,-0.777778,0.555556,-1
+1,-0.89592,1,-0.333333,0.111111,-0.333333,-0.111111,1,0.333333,-1,-1
+1,-0.828603,1,1,1,0.555556,0.111111,0.555556,0.333333,1,-1
+1,-0.892191,-0.111111,-0.333333,0.111111,0.111111,-0.333333,1,-0.333333,-0.555556,-1
+1,-0.822182,0.555556,0.333333,-0.333333,-0.333333,-0.111111,-0.555556,-0.111111,1,-1
+1,-0.968522,0.555556,0.555556,0.777778,-0.333333,-0.111111,1,0.333333,0.555556,-1
+1,-0.83239,-0.555556,-0.333333,-0.111111,-0.777778,0.111111,0.555556,-0.333333,-1,-1
+1,-0.84123,1,0.111111,-0.333333,-1,-0.555556,-0.333333,-0.555556,-0.777778,-0.555556
+1,-0.827441,1,1,0.777778,-0.555556,0.333333,-0.111111,-0.555556,-0.111111,-1
+1,-0.826176,1,-0.111111,-0.111111,0.111111,-0.555556,1,0.333333,0.777778,-0.777778
+1,-0.843496,1,0.111111,0.111111,-0.555556,-0.333333,-0.111111,-0.555556,0.111111,-1
+1,-0.842769,0.777778,1,1,-1,1,0.555556,-0.555556,-0.555556,-1
+1,-0.807439,-0.111111,-0.333333,0.111111,0.555556,-0.333333,-1,0.555556,1,-1
+1,-0.834197,-0.333333,-0.111111,-0.111111,1,-0.333333,1,0.333333,-0.111111,0.555556
+1,-0.830443,1,1,0.111111,-0.555556,-0.555556,1,-0.333333,-0.555556,-0.777778
+1,-0.807789,-0.111111,0.333333,-0.333333,-1,0.111111,-1,0.333333,1,-0.555556
+1,-0.842481,-0.111111,-0.555556,-0.333333,-1,0.555556,1,-0.333333,0.777778,-1
+1,-0.83491,-0.111111,0.111111,0.111111,-0.777778,-0.333333,1,-0.555556,0.111111,-1
+1,-0.826266,0.333333,-0.111111,0.111111,-0.555556,-0.555556,0.555556,0.333333,-0.333333,-1
+1,-0.843099,0.777778,-0.111111,-0.111111,-0.777778,-0.777778,-0.777778,-0.111111,-1,-1
+1,-0.842893,-0.111111,-0.555556,-0.111111,-0.111111,-0.555556,-0.555556,-0.333333,1,-1
+1,-0.821697,1,1,1,0.333333,1,1,0.555556,-0.777778,-1
+1,-0.852543,1,0.333333,0.333333,0.111111,-0.333333,1,-0.333333,-1,-0.777778
+1,-0.878997,1,-0.555556,-0.111111,-0.333333,-0.555556,0.333333,-0.555556,-0.111111,-0.555556
+1,-0.938647,0.555556,0.333333,0.555556,-0.111111,-0.111111,1,0.777778,1,-1
+1,-0.822095,0.555556,1,1,1,0.111111,1,1,1,-1
+1,-0.830701,1,0.333333,0.333333,-0.333333,-0.111111,1,-0.111111,0.333333,-0.777778
+1,-0.90353,0.111111,0.555556,0.333333,0.555556,0.111111,0.555556,0.555556,0.777778,-1
+1,-0.926428,-0.111111,0.111111,0.111111,0.555556,0.111111,1,-0.333333,1,-0.333333
+1,-0.988118,0.333333,0.111111,1,-0.111111,-0.555556,1,0.777778,1,-0.777778
+1,-0.813315,-0.333333,1,-0.333333,0.333333,-0.555556,1,0.777778,1,-1
+1,-0.84231,-0.111111,0.555556,0.777778,-0.333333,-0.555556,1,0.333333,-1,-1
+1,-0.815541,1,0.111111,0.111111,-0.777778,-0.333333,1,0.777778,0.333333,-1
+1,-0.842637,1,-0.333333,-0.777778,-1,-0.555556,-0.777778,-0.333333,-0.555556,1
+1,-0.843604,1,-0.111111,-0.111111,0.111111,0.555556,0.555556,0.333333,-1,-1
+1,-0.808715,0.555556,1,-0.333333,-0.333333,0.555556,1,0.555556,-0.777778,-1
+1,-0.827324,0.555556,1,1,1,-0.111111,1,0.555556,1,0.111111
+1,-0.881118,0.555556,1,1,0.333333,1,1,0.333333,-0.555556,0.555556
+1,-0.987742,0.555556,-0.333333,-0.333333,-1,-0.777778,0.777778,-0.555556,-0.555556,-1
+1,-0.808872,0.555556,-0.333333,-0.333333,-1,0.111111,1,-0.777778,-0.111111,-0.777778
+1,-0.844156,0.333333,0.555556,0.333333,-0.777778,-0.333333,0.555556,-0.555556,0.555556,-0.777778
+1,-0.829951,-0.111111,1,1,-0.555556,0.555556,-1,-0.111111,1,-0.555556
+1,-0.810759,-0.333333,0.333333,0.555556,-0.555556,-0.333333,1,0.777778,-1,-1
+1,-0.878279,-0.111111,0.333333,1,0.111111,-0.111111,1,0.333333,-0.111111,-1
+1,-0.812944,-0.111111,1,1,1,1,-0.777778,1,1,1
+1,-0.835221,1,-0.555556,-0.111111,-1,1,-0.111111,-0.555556,1,-0.777778
+1,-0.995169,0.111111,1,1,1,0.555556,1,0.333333,1,0.333333
+1,-0.830107,0.555556,0.111111,-0.111111,-0.333333,-0.555556,1,0.111111,-1,-1
+1,-0.828567,0.333333,-0.111111,1,1,1,1,-0.333333,1,-0.555556
+1,-0.815531,1,-0.555556,-0.333333,-0.111111,-0.555556,1,-0.333333,-1,-1
+1,-0.825427,1,-0.333333,-0.111111,-0.111111,-0.111111,1,-0.333333,-1,-1
+1,-0.828558,-0.555556,1,0.555556,0.333333,0.111111,0.777778,0.777778,-0.555556,0.555556
+1,-0.833198,-0.111111,1,0.555556,1,0.555556,1,-0.555556,0.111111,-0.555556
+1,-0.889455,-0.111111,1,1,1,-0.111111,-0.777778,0.555556,-0.111111,-1
+1,-0.947887,1,-0.333333,-0.111111,-0.333333,-0.555556,-0.111111,0.333333,-0.555556,-1
+1,-0.913767,1,1,1,0.333333,0.777778,1,0.333333,1,1
