+1,-1,0.546466,0,0,-1,-1,-1,1,1,-0.671642,1,0,-1,-0.972
+1,-1,-0.79188,-0.785714,0,0.538462,-0.25,-0.988421,1,1,-0.910448,-1,0,-0.9,-0.99988
+1,1,-0.749474,-0.940714,0,0.0769231,0.75,-0.84807,-1,-1,-1,1,0,-0.872,-1
+1,1,-0.714286,-0.892857,0,0.538462,-0.25,-0.833333,1,1,-0.910448,1,0,-1,-0.98836
+1,1,-0.35579,0.794643,0,1,0.75,-0.885965,1,1,-0.970149,1,0,-0.485,-0.99
+1,-1,-0.446015,-0.895714,0,0.230769,-0.25,-0.92386,1,1,-0.522388,-1,0,-0.88,-0.95842
+1,1,0.0475189,-0.535714,0,0.538462,0.75,-0.578947,1,-1,-1,1,0,-0.65,-1
+1,1,-0.578947,-0.958214,-1,0.846154,-0.25,-0.982456,1,1,-0.940299,-1,0,-0.74,-0.99
+1,-1,-0.418647,-0.669643,0,0.538462,0.75,-0.885965,1,1,-0.940299,-1,0,-1,-1
+1,-1,-0.847218,-0.684643,-1,0.0769231,0.75,-0.789474,1,-1,-1,-1,0,-0.76,-1
+1,1,-0.430978,-0.357143,-1,0.230769,0.75,-0.631579,1,-1,-1,1,0,-0.846,-1
+1,-1,0.175338,0.0714286,0,0.0769231,-0.25,-0.614035,1,1,-0.58209,-1,0,-1,-0.956
+1,1,0.22797,-0.3275,0,-1,-1,0.0115789,1,1,-0.671642,1,0,-0.97,-0.994
+1,-1,-0.739248,-0.196429,-1,1,0.75,-0.947368,1,1,-0.880597,-1,0,-1,-0.99358
+1,1,-0.719398,-0.821429,0,0.0769231,-0.25,-0.92386,1,1,-0.671642,1,0,-0.94,-0.95632
+1,-1,-0.736842,-0.395714,-1,1,-0.25,-0.827368,-1,-1,-1,-1,0,-0.836,-1
+1,1,-0.71188,-0.169643,-1,0.230769,-0.25,-0.941404,1,-1,-1,1,0,-0.84,-0.994
+1,1,-0.210526,-0.535714,0,-0.230769,0,-0.754386,1,1,-0.970149,-1,0,-1,-0.99
+1,-1,-0.00992487,-0.967143,0,0.846154,0.75,-0.970877,1,1,-0.671642,1,0,-0.56,-0.99988
+1,-1,0.0126315,-0.428571,0,0.384615,0,-0.54386,1,1,-0.820896,-1,0,-0.625,0.022
+1,1,-0.716692,-0.205357,0,1,0.75,-0.967719,1,1,-0.970149,-1,0,-0.9,-1
+1,1,-0.388571,-0.994286,-1,-0.0769231,0,-0.997193,1,1,-0.970149,1,0,-0.72,-0.96
+1,1,-0.363308,-0.821429,0,0.230769,-0.25,-1,1,-1,-1,1,0,-0.761,-0.996
+1,-1,-0.0300752,-0.714286,0,-0.384615,-0.5,-1,1,-1,-1,-1,0,-0.9,-0.9808
+1,-1,0.0851128,-0.0296429,0,-0.538462,0.75,-0.403509,1,-1,-1,1,0,-1,-1
+1,1,0.0400001,-0.142857,0,-0.0769231,-0.25,0.122807,1,-1,-1,-1,-1,-0.89,-1
+1,1,-0.283308,-1,0,0.0769231,-0.25,-1,-1,-1,-1,-1,1,-0.816,-1
+1,1,-0.265564,-0.276786,0,1,-0.25,-0.824561,1,1,-0.820896,-1,0,-0.48,-0.99608
+1,1,-0.666767,-0.803571,0,0.0769231,-0.25,-0.842105,1,1,-0.820896,-1,0,-0.816,-0.988
+1,1,-0.836992,-1,-1,-0.0769231,0,-1,-1,-1,-1,1,-1,-0.5,-0.99998
+1,-1,-0.884812,-0.357143,0,-0.230769,-0.25,-0.903509,1,-1,-1,1,0,-1,-1
+1,1,-0.869774,-0.607143,0,-0.538462,-0.25,-0.964912,1,-1,-1,-1,0,-0.92,-1
+1,1,-0.611429,-0.696429,0,0.846154,-0.25,-0.698947,1,1,-0.970149,1,0,-0.88,-1
+1,1,-0.821955,-0.973214,0,0.538462,-0.25,-0.859649,1,1,-0.940299,1,0,-0.92,-1
+1,1,-0.626466,-0.982143,0,-0.692308,0,-1,1,-1,-1,1,0,-1,-1
+1,1,-0.461053,0.154643,0,-0.846154,-0.25,-0.789474,1,1,-0.731343,-1,0,-0.75,-0.9854
+1,1,-0.719398,-0.178571,0,0.230769,0.75,-0.850877,1,1,-0.671642,1,0,-0.71,-0.99432
+1,1,0.894737,0.592143,0,0.384615,1,-0.105263,1,1,-0.970149,1,0,-1,-0.99782
+1,1,-0.661654,-0.107143,0,-0.230769,-0.25,-0.789474,1,-1,-1,1,-1,-0.98,-1
+1,1,-0.593985,-0.881071,0,0.846154,0.75,-0.643158,1,1,-0.731343,-1,0,-0.601,-0.98346
+1,-1,-0.548872,-0.732143,0,0.0769231,-0.25,-0.92386,1,1,-0.970149,1,0,-0.629,-1
+1,-1,-0.588872,0.0357143,0,1,0.75,-0.783509,1,1,-0.970149,-1,0,-0.88,-0.99978
+1,-1,0.513684,-0.988214,0,-1,-1,-1,1,1,-0.970149,-1,0,-0.768,-0.998
+1,-1,-0.796992,-0.154643,0,0.0769231,0.75,-0.578947,1,-1,-1,-1,0,-0.66,-1
+1,-1,-0.789474,-0.267857,0,0.538462,-0.25,-0.950175,1,1,-0.940299,1,0,-0.951,-1
+1,1,0.20812,-0.3125,0,0.384615,-0.25,-0.39193,1,1,-0.850746,-1,0,-1,-1
+1,1,-0.238195,-0.571429,0,-0.0769231,-0.25,-0.909474,1,1,-0.850746,1,0,-0.892,-0.97806
+1,1,-0.571429,-0.857143,0,-0.538462,0.75,-0.707719,1,1,-0.940299,1,0,-0.819,-1
+1,1,-0.593985,-0.886786,0,0.846154,0.75,-0.871228,1,1,-0.641791,1,0,-0.417,-0.98574
+1,-1,0.651729,0.0714286,0,0.384615,1,-1,1,1,-0.58209,-1,0,-1,-0.93248
+1,1,-0.235489,-0.883929,0,0.0769231,-0.25,-0.894737,1,1,-0.701493,-1,0,-0.814,-0.906
+1,-1,0.739248,-1,0,0.0769231,-0.25,-1,-1,-1,-1,-1,1,-0.816,-1
+1,-1,-0.656541,-0.794643,0,1,0.75,-0.938596,1,-1,-1,-1,0,-0.64,-1
+1,1,-0.230677,-0.580357,0,0.846154,0.75,-0.298246,1,1,-0.58209,1,0,-0.601,-1
+1,1,-0.611429,-0.806429,-1,0.846154,-0.25,-0.631579,1,1,-0.970149,-1,0,-0.789,-1
+1,1,-0.58406,-0.854286,-1,-0.230769,-0.25,-0.859649,1,1,-0.910448,1,0,-0.63,-0.9888
+1,-1,-0.761805,-0.178571,-1,-0.384615,-0.5,-1,1,1,-0.671642,1,0,-1,-1
+1,-1,-0.821955,-0.985,0,0.538462,0.75,-0.979649,1,1,-0.671642,-1,0,-0.92,-0.99802
+1,1,-0.679098,-0.118929,0,0.538462,0.75,-0.888772,1,-1,-1,1,0,-0.88,-1
+1,-1,-0.844511,-0.339286,-1,0.0769231,-0.25,-0.929825,1,1,-0.880597,1,0,-0.92,-0.99
+1,-1,-0.669173,-0.785714,0,0.538462,0.75,-0.871228,1,1,-0.432836,-1,0,-1,-0.99
+1,1,-0.448722,-0.714286,0,-0.0769231,-0.25,-0.824561,1,-1,-1,1,0,-0.64,-1
+1,1,-0.729323,-0.214286,0,0.538462,-0.25,-0.824561,1,1,-0.791045,1,0,-0.9,-0.98382
+1,1,0.37594,-0.803571,0,0.230769,-0.25,-0.877193,1,1,-0.850746,1,0,-0.94,-0.99884
+1,-1,-0.569023,0.0714286,-1,0.384615,1,-1,1,-1,-1,-1,0,-1,-0.73576
+1,-1,-0.869774,-0.973214,1,0.846154,-1,-0.298246,-1,-1,-1,1,-1,-0.7,-1
+1,1,-0.781955,-0.657857,-1,0.230769,-0.25,-0.842105,1,1,-0.970149,1,0,-0.92,-0.994
+1,1,-0.430978,-0.607143,0,0.538462,0.75,-0.614035,1,1,-0.641791,1,0,-0.592,-0.98
+1,-1,-0.734436,-0.232143,0,0.538462,-0.25,-0.970877,1,1,-0.850746,1,0,-1,-0.9888
+1,1,-0.170526,-1,0,0.0769231,0,0.0526316,1,-1,-1,-1,0,-1,-1
+1,-1,-0.639098,-0.964286,0,0.0769231,0.75,-0.938596,1,-1,-1,1,0,-0.509,-1
+1,1,-0.561504,-0.642857,0,0.230769,-0.25,-0.22807,1,-1,-1,1,0,-0.93,-1
+1,-1,-0.551278,-0.925714,0,0.0769231,-0.25,-0.824561,1,1,-0.850746,1,0,-0.7,-0.9714
+1,1,-0.576541,-0.89,0,0.230769,-0.25,-0.736842,1,1,-0.850746,1,0,-0.9,-0.99994
+1,1,-0.233083,-0.321429,0,-0.0769231,-0.25,-0.54386,1,1,-0.58209,-1,0,-0.76,-0.90786
+1,1,-0.581353,-0.0178571,0,0.230769,-0.25,-0.596491,1,-1,-1,1,0,-0.513,-0.99
+1,1,0.037594,0.791786,0,0.230769,-0.25,-0.877193,1,1,-0.910448,-1,0,-0.88,-0.99972
+1,1,-0.117895,-0.973214,-1,0.0769231,-0.25,-0.973684,1,1,-0.761194,1,0,-0.7,-0.99676
+1,-1,-0.836992,-0.386786,0,0.846154,0.75,-0.947368,1,1,-0.791045,-1,0,-0.904,-1
+1,1,-0.203008,0.535714,0,0.384615,1,0.403509,1,1,-0.671642,-1,0,-1,-0.976
+1,1,-0.28812,-0.854286,0,0.230769,-0.25,-0.997193,1,-1,-1,1,0,-0.6,-0.884
+1,1,-0.716692,-1,0,0.0769231,-0.25,-1,-1,-1,-1,-1,1,-0.816,-1
+1,-1,-0.847218,-0.321429,0,0.230769,-0.25,-0.885965,1,1,-0.820896,1,0,-0.96,-0.988
+1,-1,-0.789474,-0.261786,0,0.846154,0.75,-0.976491,1,1,-0.970149,1,0,-0.92,-0.999
+1,-1,-0.802105,-0.285714,0,0.0769231,0.75,-0.929825,1,1,-0.880597,-1,0,-0.95,-0.9707
+1,1,-0.829474,-0.535714,0,0.230769,0.75,-0.897544,1,1,-0.791045,-1,0,-0.92,-0.94092
+1,-1,-0.937444,-0.958214,0,0.0769231,0.75,-0.894737,1,1,-0.940299,-1,0,-0.9,-1
+1,1,0.137744,0.0714286,0,0.0769231,-0.25,-0.403509,1,1,-0.731343,-1,0,-1,-1
+1,1,-0.639098,-0.964286,0,0.0769231,-0.25,-0.897544,1,1,-0.850746,1,0,-0.688,-1
+1,1,-0.35579,-0.821429,0,-0.538462,-0.25,-0.684211,1,1,-0.791045,-1,0,-0.85,-0.9746
+1,1,-0.235489,-0.877857,0,1,-0.25,-0.991228,1,1,-0.850746,1,0,-0.52,-1
+1,-1,-0.706767,-0.357143,0,0.538462,-0.25,-0.403509,1,1,-0.850746,1,0,-0.88,-1
+1,1,-0.453534,-0.681429,0,0.846154,0.75,-0.57614,1,1,-0.910448,-1,0,-0.689,-0.994
+1,1,-0.165414,-0.89,0,-0.692308,0,-0.754386,-1,-1,-1,-1,0,-0.784,-1
+1,1,-0.749474,-0.214286,0,0.846154,-0.25,-0.953333,1,-1,-1,-1,0,-0.9,-1
+1,1,-0.323308,-0.642857,0,0.0769231,0,-0.824561,1,1,-0.820896,-1,0,-1,-0.99266
+1,1,-0.212932,-0.961429,-1,-0.230769,-0.25,-0.964912,1,1,-0.910448,-1,0,-0.8,-0.98
+1,1,-0.639098,-0.946429,0,0.0769231,0,-0.982456,1,-1,-1,-1,0,-0.651,-0.99954
+1,1,-0.631579,-0.928571,0,0.538462,-0.25,-0.877193,1,-1,-1,1,0,-0.72,-1
+1,-1,-0.473684,-0.732143,0,0.846154,0.75,-0.95614,1,1,-0.731343,1,0,-0.819,-1
+1,1,-0.223158,-0.00607143,0,0.230769,-0.25,-0.394737,1,1,-0.820896,1,0,-0.93,-1
+1,-1,-0.676692,-0.964286,0,0.538462,0.75,-0.894737,1,-1,-1,-1,0,-0.72,-0.98352
+1,1,-0.756992,-0.214286,0,1,-0.25,-0.979649,1,1,-0.820896,-1,0,-0.879,-1
+1,-1,-0.441203,-0.961429,0,0.846154,-0.25,-0.997193,1,-1,-1,-1,0,-0.56,-0.77646
+1,1,-0.368421,0.0714286,0,0.692308,0.5,-0.622807,1,1,-0.731343,1,0,-1,-0.99732
+1,1,-0.385865,-0.625,0,0.230769,-0.25,-0.994035,-1,-1,-1,1,0,-0.71,-0.99988
+1,1,-0.799398,-0.5,0,0.0769231,-0.25,-0.885965,1,1,-0.910448,-1,0,-0.8,-0.97218
+1,1,-0.719398,-0.178571,0,-0.692308,-0.25,-0.754386,1,1,-0.731343,-1,0,-0.944,-0.98516
+1,1,-0.120301,-0.979286,-1,0.846154,0.75,-0.877193,1,1,-0.761194,-1,0,-0.9,-0.9925
+1,1,0.132932,-0.997143,0,1,0.75,-0.997193,1,-1,-1,-1,0,-1,-0.94
+1,-1,-0.200601,-0.461429,-1,0.538462,0.75,-0.438596,1,1,-0.58209,-1,0,-1,-0.954
+1,1,-0.16782,-0.642857,0,0.538462,0.75,-0.649123,1,1,-0.820896,1,0,-0.53,-1
+1,1,0.28812,0.321429,0,-0.846154,0,0.0526316,1,1,-0.492537,1,0,-1,-1
+1,1,-0.41594,-0.773929,-1,1,-0.25,-0.777895,1,1,-0.910448,1,0,-0.62,-1
+1,1,-0.734436,-0.282857,0,1,-0.25,-0.997193,1,1,-0.731343,-1,0,-0.94,-0.99208
+1,1,-0.56391,-0.633929,0,1,-0.25,-0.666667,1,1,-0.940299,-1,0,-0.58,-0.99986
+1,1,-0.406015,-0.875,0,1,0.75,-0.684211,1,1,-0.880597,1,0,-0.747,-0.98286
+1,-1,-0.278195,-0.607143,0,0.538462,-0.25,-0.991228,1,-1,-1,1,0,-0.772,-1
+1,1,-0.383459,-0.785714,0,0.846154,0.75,-0.479649,1,-1,-1,1,0,-1,-1
+1,1,-0.714286,-0.928571,0,0.0769231,-0.25,-0.941404,1,-1,-1,-1,-1,-0.7,-1
+1,1,-0.806917,-0.598214,0,0.230769,-0.25,-0.88,1,-1,-1,-1,-1,-0.88,-1
+1,1,-0.513684,-0.868929,0,0.0769231,0.75,-0.695789,1,-1,-1,-1,0,-0.74,-0.996
+1,-1,0.418647,-0.642857,0,-0.230769,-0.25,-0.719298,1,1,-0.880597,-1,0,-1,-0.99802
+1,1,-0.694135,-0.9525,0,0.0769231,-0.25,-0.988421,-1,-1,-1,-1,0,-0.9,-1
+1,1,-0.135338,-0.648929,-1,0.230769,-0.25,-0.777895,1,-1,-1,1,0,-0.948,-0.97116
+1,1,-0.543759,0.0714286,0,0.0769231,0.75,-0.625614,1,1,-0.671642,-1,0,-1,-0.95434
+1,1,0.0351879,-0.455357,0,0.230769,0.75,0.0877193,1,1,-0.641791,-1,0,-1,-0.9842
+1,1,-0.806917,-0.339286,0,0.0769231,-0.25,-0.883158,1,1,-0.910448,1,0,-0.96,-0.99944
+1,1,-0.451128,-0.875,-1,0.384615,0.75,-0.997193,1,-1,-1,1,0,-0.607,-1
+1,1,-0.385865,-0.345,0,0.0769231,-0.25,-0.684211,1,1,-0.641791,1,0,-1,-0.99558
+1,1,-0.486316,-1,0,0.230769,-0.25,-0.912281,1,1,-0.970149,-1,0,-0.798,-1
+1,-1,-0.400902,-0.973214,0,0.846154,-0.25,-0.973684,-1,-1,-1,-1,0,-0.7,-0.99912
+1,-1,-0.511278,-0.622143,0,0.384615,-0.75,-0.842105,1,1,-0.850746,1,0,-0.901,-0.99
+1,-1,-0.774436,-0.833214,0,-0.692308,0,-0.964912,1,1,-0.880597,-1,-1,-0.92,-1
+1,1,-0.651729,-0.958571,0,0.0769231,-0.25,-0.979649,1,1,-0.791045,1,0,-0.904,-0.89752
+1,1,-0.781955,-0.785714,-1,-0.846154,-0.25,-0.92386,1,1,-0.761194,1,0,-0.84,-0.99998
+1,1,-0.656541,-0.571429,0,0.0769231,-0.25,-0.929825,1,1,-0.910448,-1,0,-1,-1
+1,1,-0.686617,-0.9375,0,0.538462,-0.25,-0.675439,1,1,-0.940299,1,0,-0.48,-0.96
+1,-1,-0.669173,-0.107143,0,-0.230769,-0.25,-0.894737,1,1,-0.641791,1,0,-0.88,-0.98866
+1,-1,-0.739248,-0.595357,0,0.538462,-0.25,-0.818596,1,1,-0.791045,-1,0,-0.871,-0.93486
+1,1,-0.796992,-0.285714,-1,0.0769231,-0.25,-0.824561,1,-1,-1,-1,-1,-0.96,-1
+1,1,-0.212932,-0.556429,0,0.538462,-0.25,-0.997193,1,1,-0.970149,-1,0,-0.8,-0.994
+1,1,-0.157895,-0.931429,0,1,-0.25,-0.824561,1,-1,-1,-1,0,-0.49,-0.988
+1,-1,-0.726917,-0.836429,0,0.538462,0.75,-0.839298,1,1,-0.791045,1,0,-0.86,-0.95232
+1,-1,-0.644211,-1,0,0.0769231,-0.25,-1,-1,-1,-1,-1,1,-0.816,-1
+1,1,-0.576541,-0.892857,0,0.230769,-0.25,-0.859649,1,1,-0.671642,1,0,-0.566,-0.9993
+1,1,-0.320902,-0.848214,-1,0.230769,-0.25,-0.994035,1,1,-0.970149,-1,0,-0.95,-0.97626
+1,-1,-0.185564,-0.285714,0,0.538462,0.75,-0.877193,1,-1,-1,-1,0,-0.971,-0.98326
+1,-1,-0.787068,-0.785714,0,-0.230769,-0.25,-0.997193,1,-1,-1,-1,0,-0.9,-1
+1,1,-0.551278,-0.333214,0,0.538462,0.75,-0.602456,1,1,-0.820896,-1,0,-0.619,-0.99664
+1,-1,-0.709173,-0.943571,-1,0.538462,-0.25,-0.894737,1,1,-0.940299,1,0,-0.92,-0.992
+1,-1,-0.689323,-0.964286,0,0.538462,0.75,-0.912281,1,1,-0.970149,-1,0,-1,-0.98644
+1,1,-0.754286,-0.961429,-1,1,-0.25,-0.997193,1,1,-0.970149,1,0,-0.16,-0.99882
+1,1,-0.145263,-0.64,0,0.538462,0.75,-0.105263,1,-1,-1,1,0,-0.908,-1
+1,1,-0.714286,-0.714286,0,0.0769231,0,-0.982456,1,-1,-1,1,0,-0.84,-1
+1,1,-0.41594,-0.928571,0,1,-0.25,-0.947368,1,1,-0.791045,1,0,-0.66,-0.91858
+1,-1,-0.0803007,-1,0,0.0769231,-0.25,-0.824561,1,-1,-1,-1,0,-1,-1
+1,1,-0.756992,-0.982143,0,-0.846154,0.75,-0.953333,1,-1,-1,1,0,-1,-1
+1,1,0.0324813,-0.568571,0,-0.538462,-0.25,-0.997193,-1,-1,-1,-1,0,-1,-0.9462
+1,-1,-0.877293,-0.214286,0,1,0.75,-0.929825,1,1,-0.671642,-1,0,-1,-0.94
+1,-1,-0.847218,-0.318571,0,-0.230769,-0.25,-0.994035,1,-1,-1,-1,0,-0.9,-1
+1,1,-0.804511,-0.288571,0,0.384615,-0.75,-1,1,-1,-1,-1,0,-1,-1
+1,1,0.223158,-0.964286,-1,-0.538462,0.75,-0.722105,1,-1,-1,-1,0,-0.82,-0.99372
+1,-1,-0.766917,-0.571429,0,-0.230769,-0.25,-0.824561,1,1,-0.910448,-1,0,-0.92,-0.98164
+1,-1,-0.558797,-0.75,0,0.230769,-0.25,-0.941404,1,-1,-1,-1,-1,-0.72,-1
+1,1,-0.927218,-0.997143,0,0.0769231,-0.25,-0.997193,-1,-1,-1,-1,0,-1,-1
+1,1,-0.929925,-0.946429,0,0.0769231,-0.25,-0.877193,1,1,-0.850746,1,0,-0.648,-0.9862
+1,-1,-0.0276691,-0.785714,0,0.0769231,-0.25,-0.833333,1,1,-0.761194,1,0,-0.604,-0.91682
+1,1,0.0526316,-0.392857,0,0.0769231,0.75,-0.122807,1,1,-0.731343,-1,0,-0.819,-0.9669
+1,1,-0.601504,-0.892857,-1,0.230769,-0.25,-0.973684,1,-1,-1,1,0,-0.74,-0.9787
+1,1,-0.253233,-0.761786,0,0.230769,-0.25,-0.719298,1,1,-0.58209,-1,0,-0.617,-0.97312
+1,1,-0.0601504,-0.392857,0,0.846154,0.75,-0.0175439,1,1,-0.970149,1,0,-0.912,-0.96
+1,1,0.130226,-0.285714,0,-0.692308,0,-1,1,1,-0.671642,-1,0,-1,-0.97502
+1,1,-0.506165,-0.964286,0,0.0769231,-0.25,-0.877193,1,1,-0.671642,-1,0,-0.968,-0.9892
+1,1,-0.887218,0.571429,1,-1,0.5,-1,-1,-1,-1,1,1,-0.55,1
+1,-1,-0.338346,-0.934643,0,-0.230769,-0.25,-0.947368,1,1,-0.880597,-1,0,-1,-0.96834
+1,-1,-0.526316,-0.967143,0,-0.538462,-0.25,-0.962105,1,1,-0.880597,-1,0,-0.62,-0.99
+1,-1,-0.844511,-0.357143,0,-0.230769,-0.25,-0.947368,1,1,-0.940299,-1,0,-0.912,-0.98818
+1,1,-0.646617,-0.973214,0,-0.0769231,-0.25,-0.982456,1,1,-0.910448,-1,0,-0.74,-0.69784
+1,1,-0.641504,-0.107143,0,0.846154,-0.25,-0.915088,1,1,1,1,0,-0.86,-0.99484
+1,-1,-0.308271,-0.633929,0,0.384615,-0.25,-0.649123,1,-1,-1,1,0,-1,-0.92
+1,1,-0.46406,-0.25,0,1,-0.25,-0.54386,1,-1,-1,-1,0,-1,-1
+1,-1,-0.809624,-0.991071,0,0.538462,-0.25,-0.929825,-1,1,-0.970149,-1,0,-0.76,-0.98464
+1,-1,-0.556391,-0.782857,-1,1,0.75,-0.821754,1,1,-0.970149,-1,0,-0.93,-1
+1,1,-0.796992,-0.8275,0,0.0769231,-0.25,-0.859649,1,1,-0.671642,1,0,-0.8,-0.94
+1,1,-0.112782,-0.785714,0,0.538462,0.75,-0.578947,1,1,-0.671642,-1,0,-0.92,-1
+1,-1,0.285714,0.142857,0,-0.384615,-1,-1,1,1,-0.552239,-1,0,-1,-0.99506
+1,1,-1,-0.714286,-1,0.230769,-0.25,-0.877193,1,1,-0.940299,1,0,-0.88,-0.98
+1,1,-0.681805,-0.526786,-1,-0.846154,-0.25,-0.614035,1,-1,-1,1,-1,-0.9,-1
+1,1,-0.799398,-0.868929,0,0.0769231,-0.25,-0.842105,1,1,-0.970149,-1,0,-0.9,-0.997
+1,-1,-0.79188,-0.868929,0,0.538462,-0.25,-0.853684,1,1,-0.850746,-1,0,-0.78,-0.94994
+1,1,-0.310677,-0.684643,-1,-0.538462,-0.25,-0.982456,1,1,-0.701493,1,0,-0.68,-1
+1,1,-0.125413,-0.669643,0,0.538462,-0.25,-0.678596,1,-1,-1,-1,-1,-1,-1
+1,1,-0.56391,-0.9375,0,-0.0769231,-0.25,-0.932632,1,1,-0.910448,1,0,-0.604,-1
+1,1,-0.694135,-0.892857,0,-0.846154,0.75,-0.868421,1,1,-0.820896,-1,0,-0.8,-0.99346
+1,1,0.0201503,-0.979286,0,0.0769231,0,0.0526316,1,1,-0.402985,-1,0,-1,-0.7
+1,-1,-0.0351879,-0.25,0,0.538462,-0.25,-0.649123,1,1,-0.791045,1,0,-1,-1
+1,-1,-0.496241,-0.535714,0,0.0769231,0,-0.719298,1,1,-0.791045,1,0,-1,-0.9387
+1,1,-0.150376,-0.985357,0,-0.692308,0.75,-0.640351,1,-1,-1,-1,0,-0.6,-1
+1,1,-0.35579,-0.678571,0,1,0.75,-0.596491,-1,-1,-1,1,-1,-0.289,-1
+1,-1,0.408421,0.178571,0,0.538462,-0.25,-0.22807,1,-1,-1,1,0,-0.979,-0.78878
+1,1,-0.731729,-0.886786,-1,0.230769,-0.25,-0.783509,1,1,-0.820896,-1,0,-0.92,-1
+1,1,-0.521203,-0.898929,0,0.230769,0.75,-0.947368,1,1,-0.970149,-1,0,-0.76,-0.998
+1,1,-0.506165,-0.535714,0,0.846154,-0.25,-0.780702,1,1,-0.761194,-1,0,-0.67,-0.976
+1,1,-0.806917,-0.416429,0,-0.230769,-0.25,-0.862456,1,1,-0.58209,-1,0,-0.94,-0.99684
+1,1,-0.601504,-0.946429,0,0.0769231,0.75,-0.701754,1,1,-0.910448,1,0,-0.688,-0.997
+1,1,-0.180451,-0.997143,0,0.384615,-0.25,-0.997193,-1,1,-0.970149,-1,-1,-0.44,-1
+1,-1,0.303158,0.392857,0,0.0769231,-0.25,-0.614035,1,1,-0.791045,-1,0,-1,-0.94
+1,1,-0.225564,-0.696429,0,0.0769231,0,-0.54386,1,1,-0.522388,-1,0,-0.883,-0.9758
+1,1,-0.385865,-0.89,0,0.846154,-0.25,-0.89193,1,1,-0.970149,1,0,-0.48,0
+1,1,0.794586,0.267857,0,-1,-1,-1,1,-1,-1,1,0,-1,-1
+1,1,-0.250526,-0.985,0,-0.538462,-0.25,-0.994035,1,-1,-1,1,0,-0.72,-1
+1,-1,-0.799398,-0.464286,0,-0.538462,-0.25,-0.894737,1,1,-0.970149,-1,0,-0.84,-0.99532
+1,-1,-0.330827,-0.928571,0,0.0769231,-0.25,-0.859649,1,1,-0.671642,-1,0,-1,-0.99088
+1,1,-0.731729,-0.25,0,0.538462,0.75,-0.906316,1,-1,-1,-1,0,-0.9,-1
+1,1,-0.471278,0.392857,0,0.0769231,-0.25,-0.508772,1,1,-0.522388,-1,0,-1,-0.9
+1,1,0.0475189,-0.985357,-1,-0.538462,-0.25,-0.982456,1,1,-0.671642,-1,0,-0.62,-0.94536
+1,1,-0.533835,0.0564286,0,-0.230769,-0.25,-0.646316,1,1,-0.850746,1,0,-0.832,-1
+1,-1,0.0075188,-0.946429,0,0.538462,0.75,-0.807018,1,1,-0.970149,-1,0,-0.667,-0.98216
+1,1,0.220451,-0.517857,0,0.0769231,0.75,-0.815789,1,1,-0.671642,1,0,-1,-0.99432
+1,-1,-0.661654,-0.119286,0,0.846154,0.75,-0.754386,1,1,-0.820896,-1,0,-0.6,-0.99084
+1,1,-0.77203,-0.464286,0,-0.230769,-0.25,-0.900702,1,1,-0.970149,-1,0,-0.92,-0.804
+1,1,-0.428571,-0.892857,0,0.846154,0.75,-0.614035,1,1,-0.910448,1,0,-1,-1
+1,1,0.165414,-0.535714,0,-0.538462,-0.25,-0.558596,1,1,-0.552239,-1,0,-1,-0.77596
+1,1,0.268271,-0.178571,0,-1,-1,-0.649123,1,1,-0.850746,-1,0,-1,-0.82298
+1,1,0.325714,-0.497143,0,-0.0769231,-0.25,-0.0175439,1,1,-0.820896,1,0,-0.64,-0.97336
+1,1,-0.41594,-0.925714,0,0.692308,0.75,-0.54386,1,-1,-1,1,0,-0.836,-0.3743
+1,-1,0.340752,-0.285714,0,0.538462,-0.25,-0.719298,1,1,-0.58209,-1,0,-1,-0.96796
+1,-1,-0.721805,-0.160714,0,1,0.75,-0.964912,1,1,-0.940299,1,0,-0.7,-0.98898
+1,1,-0.175338,-0.711429,0,0.846154,0.75,-0.508772,1,1,-0.761194,-1,0,-0.68,-1
+1,1,0.553985,-0.214286,0,0.384615,1,0.403509,1,1,-0.791045,1,0,-0.978,-1
+1,1,-0.774436,-0.892857,0,0.230769,-0.25,-0.894737,-1,-1,-1,-1,0,-0.85,-0.99984
+1,1,-0.87218,-0.988214,0,0.538462,0.5,-0.985263,-1,-1,-1,-1,0,-0.8,-0.9992
+1,1,-0.726917,-0.785714,0,-0.0769231,-0.25,-0.909474,1,1,-0.970149,-1,0,-0.74,-0.984
+1,1,-0.378346,-0.696429,0,-0.692308,0,-0.77193,1,1,-0.940299,-1,0,-0.726,-0.9878
+1,1,-0.308271,-0.991071,-1,0.0769231,-0.25,-0.894737,-1,-1,-1,1,0,-0.768,-0.99774
+1,1,-0.71188,-0.892857,0,0.0769231,0.75,-0.900702,1,-1,-1,-1,0,-0.578,-0.996
+1,-1,-0.714286,-0.580357,0,0.538462,-0.25,-0.777544,1,1,-0.701493,-1,0,-0.88,-0.9951
+1,1,0.283308,1,-1,0.0769231,-0.25,1,1,1,0.19403,-1,0,-1,-0.9997
+1,1,-0.240602,-0.642857,0,0.846154,-0.25,-0.754386,1,1,-0.701493,1,0,-1,-1
+1,1,-0.731729,-0.988214,0,0.0769231,-0.5,-0.842105,-1,-1,-1,1,-1,-1,-1
+1,-1,-0.180451,-0.854286,-1,0.538462,0.75,-0.991228,1,1,-0.313433,1,0,-0.545,-0.97528
+1,1,0.0451128,-0.696429,0,-0.0769231,-0.25,-0.991228,1,-1,-1,1,0,-0.775,-1
+1,-1,0.350977,-0.681429,0,0.538462,0.75,-0.786667,1,1,-0.820896,-1,0,-0.957,-0.9888
+1,1,-0.857143,-0.857143,0,-0.692308,-0.25,-0.894737,1,1,-0.940299,-1,0,-0.88,-0.994
