-1,-0.854841,-1,-1,-1,-1,-1,-1,-0.555556,-1,-1
-1,-0.85354,-1,-1,-1,-1,-0.777778,-0.555556,-0.555556,-1,-1
-1,-0.851217,-1,-1,-1,-1,-0.777778,-1,-0.555556,-1,-1
-1,-0.848891,-0.555556,-1,-0.777778,-1,-0.777778,-1,-0.777778,-1,-1
-1,-0.844265,-0.333333,-1,-1,-0.555556,-0.777778,-1,-0.555556,-1,-1
-1,-0.84193,-1,-1,-1,-1,-0.777778,-1,-0.555556,-0.777778,-1
-1,-0.841902,-0.111111,-1,-0.555556,-1,-0.777778,-1,-0.777778,-1,-1
-1,-0.840502,-1,-1,-0.777778,-1,-0.777778,-0.777778,-0.333333,-0.777778,-1
-1,-0.839626,-0.777778,-0.777778,-0.777778,-1,-1,-1,0.333333,-1,-1
-1,-0.83667,-0.555556,-1,-1,-0.777778,-0.777778,-1,-1,-1,-1
-1,-0.834115,-0.333333,-0.777778,-1,-1,-0.777778,-0.777778,-0.555556,-1,-1
-1,-0.833025,-0.111111,-1,-1,-1,-0.777778,-0.777778,-0.555556,-0.555556,-1
-1,-0.832868,-0.333333,-1,-1,-1,-0.777778,-1,-0.777778,-1,-1
-1,-0.832702,-0.555556,-1,-1,-1,-0.777778,-1,-1,-1,-1
-1,-0.832602,-1,-1,-1,-1,-0.777778,-0.111111,-1,-1,-1
-1,-0.832389,-1,-1,-1,-1,-0.555556,-0.777778,-0.777778,-1,-1
-1,-0.831272,-1,-0.777778,-0.777778,-1,-0.777778,-1,-0.777778,-1,-1
-1,-0.830676,-0.333333,-1,-1,-1,-0.777778,-1,-0.555556,-0.777778,-1
-1,-0.830542,-0.333333,-1,-1,-1,-0.777778,-0.777778,-0.555556,-0.777778,-1
-1,-0.829923,-0.333333,-1,-1,-1,-0.777778,-1,-0.555556,-1,-1
-1,-0.829778,-1,-1,-1,-1,-1,-1,-0.555556,-1,-1
-1,-0.829,-1,-0.777778,-0.555556,-1,-0.777778,-1,-0.555556,-1,-1
-1,-0.828385,-0.333333,-1,-1,-1,-0.777778,-1,-0.555556,-1,-1
-1,-0.828241,-0.111111,-1,-1,-0.333333,-0.777778,-1,-0.555556,-1,-1
-1,-0.827423,-1,-1,-1,-1,-1,-1,-0.555556,-1,-1
-1,-0.827423,-1,-1,-1,-1,-1,-1,-0.555556,-1,-1
-1,-0.827342,-0.111111,-1,-1,-1,-1,-1,-0.555556,-1,-1
-1,-0.827204,-1,-1,-1,-1,-0.777778,-1,-0.555556,-1,-1
-1,-0.826607,-1,-1,-1,-0.777778,-0.777778,-1,-0.555556,-1,-1
-1,-0.825505,0.555556,-0.333333,0.111111,-0.555556,-0.555556,-1,-0.333333,-0.555556,-1
-1,-0.984444,-0.333333,-1,-1,-1,-0.777778,-1,-0.555556,0.111111,-1
-1,-0.857569,0.111111,-0.555556,-0.555556,-0.111111,-0.555556,1,-0.555556,-0.111111,-0.555556
-1,-0.951949,-1,-1,-1,-1,-0.777778,-1,-0.555556,-1,-1
-1,-0.941318,-1,-1,-1,-1,-0.777778,-1,-0.555556,-1,-1
-1,-0.93678,-0.777778,-1,-1,-0.777778,-0.777778,-1,-0.555556,-1,-1
-1,-0.907164,-0.777778,-1,-1,-1,-0.555556,-1,-0.777778,-1,-1
-1,-0.896533,-1,-1,-1,-1,-0.777778,-1,-0.777778,-1,-1
-1,-0.887851,-0.777778,-1,-1,-1,-0.777778,-1,-1,-1,-1
-1,-0.887755,-1,-1,-1,-1,-0.777778,-1,-1,-1,-1
-1,-0.88454,-0.111111,-1,-1,-0.555556,-0.777778,-1,-1,-1,-1
-1,-0.881353,-0.333333,-1,-1,-1,-0.555556,-1,-0.777778,-0.777778,-1
-1,-0.931586,-0.111111,-1,-1,-0.777778,-0.777778,-1,-0.777778,-1,-1
-1,-0.911751,-1,-1,-1,-1,-1,-1,-0.777778,-1,-1
-1,-0.907012,-0.111111,-0.555556,-0.333333,-1,-0.333333,-1,-0.555556,-1,-1
-1,-0.843,-0.111111,-0.555556,-0.555556,-0.777778,-0.555556,-1,-0.555556,-1,-1
-1,-0.834978,-0.555556,-1,-1,-1,-0.777778,-1,-0.777778,-1,-1
-1,-0.824428,-0.111111,-1,-0.777778,-1,-0.777778,-1,-0.555556,-1,-1
-1,-0.82163,-0.333333,-0.555556,-0.555556,-1,-0.777778,-1,-0.555556,-0.555556,-1
-1,-0.821605,-0.111111,-1,-0.555556,-1,-0.777778,-1,-0.777778,-1,-1
-1,-0.930705,-0.333333,-1,-1,-1,-0.777778,-1,-1,-1,-1
-1,-0.926045,-0.333333,-1,-0.555556,-0.555556,-0.777778,-1,-1,-1,-1
-1,-0.908217,-0.111111,-0.777778,-0.777778,-0.333333,-0.777778,-0.333333,-1,-1,-1
-1,-0.818876,0.111111,-1,-1,-0.555556,-0.777778,-1,-1,-1,-1
-1,-0.817204,-0.555556,-1,-1,-1,-0.777778,-1,-1,-1,-1
-1,-0.815014,-0.111111,-1,-1,-1,-1,-1,-1,-1,-1
-1,-0.836817,-0.111111,-1,-0.777778,1,-0.333333,-0.111111,-0.777778,-1,-1
-1,-0.826571,0.111111,-1,-1,-1,-0.777778,-1,-0.555556,-1,-1
-1,-0.824537,-0.333333,-1,-1,-1,-0.777778,-1,-0.777778,-1,-1
-1,-0.822187,-0.333333,-1,-1,-0.777778,-0.777778,-1,-0.777778,-1,-1
-1,-0.820398,-0.333333,-1,-1,-1,-0.777778,-1,-0.555556,-1,-1
-1,-0.8187,-0.555556,-0.555556,-1,-1,-0.777778,-1,-1,-1,-1
-1,-0.815704,-0.111111,-1,-1,-1,-0.777778,-1,-1,-1,-1
-1,-0.897501,-0.555556,-1,-1,-1,-0.777778,-1,-0.777778,-1,-1
-1,-0.879553,-1,-1,-1,-1,-1,-1,-0.555556,-1,-1
-1,-0.832191,-0.777778,-1,-0.555556,-0.777778,-0.777778,-1,-0.777778,-1,-1
-1,-0.817101,-0.555556,-1,-1,-1,-0.777778,-1,-0.777778,-1,-1
-1,-0.812129,-0.111111,-0.777778,-0.777778,-0.777778,-1,-1,-0.777778,-1,-1
-1,-0.812029,-0.111111,-1,-1,-1,-0.777778,-1,-0.777778,-1,-1
-1,-0.981994,-0.555556,-1,-1,-1,-0.777778,-1,-0.777778,-1,-1
-1,-0.906328,-0.111111,-1,-1,-1,-0.777778,-1,-0.777778,-1,-1
-1,-0.905631,-1,-1,-1,-1,-0.777778,-1,-0.777778,-1,-1
-1,-0.879296,-0.111111,-1,-0.777778,-1,-0.777778,-1,-0.777778,-1,-1
-1,-0.827594,-0.111111,-1,-1,0.111111,-0.555556,-1,-1,-1,-1
-1,-0.821017,-0.111111,-1,-1,-1,-0.777778,-1,-0.777778,-0.777778,-1
-1,-0.819462,-0.111111,-1,-1,-1,-0.777778,-1,-1,-1,-1
-1,-0.813531,-0.111111,-1,-0.777778,-1,-0.777778,-1,-1,-1,-1
-1,-0.807752,-0.333333,-1,-1,-1,-0.777778,-1,-0.777778,-1,-1
-1,-0.857627,-0.777778,-0.555556,-1,-1,-0.777778,-1,-0.777778,-1,-1
-1,-0.853801,-0.555556,-1,-1,-1,-0.777778,-1,-0.777778,-1,-1
-1,-0.850853,-0.333333,-1,-1,-1,-0.777778,-1,-0.777778,-1,-1
-1,-0.818918,-0.333333,-0.777778,-0.333333,-0.555556,-0.777778,-0.777778,-0.777778,-1,-1
-1,-0.813657,-1,-0.777778,-0.777778,-1,-0.777778,-1,-1,-1,-1
-1,-0.812516,-0.555556,-1,-1,-1,-0.777778,-1,-0.777778,-1,-1
-1,-0.811798,-1,-0.777778,-1,-0.555556,-0.777778,-1,-0.777778,-1,-1
-1,1,-1,-1,-0.555556,-1,-0.777778,-1,-0.777778,-1,-1
-1,-0.808144,-0.111111,-0.777778,-0.777778,-0.777778,-0.777778,-1,-1,-1,-0.777778
-1,-0.805586,-0.333333,-1,-0.333333,-1,-0.777778,-1,-1,-1,-1
-1,-0.805108,-1,-1,-1,-1,-0.777778,-1,-1,-1,-1
-1,-0.911706,-1,-1,-1,-1,-0.777778,-1,-1,-1,0.555556
+1,-0.853868,-0.111111,-0.555556,-0.555556,-0.555556,-0.777778,-0.555556,-0.333333,-0.333333,-1
+1,-0.849331,1,0.333333,0.333333,-0.555556,0.555556,-0.111111,0.333333,-0.333333,-0.555556
+1,-0.848135,1,1,1,0.555556,0.111111,-1,0.555556,0.777778,-1
+1,-0.844791,-0.111111,0.111111,-0.111111,0.111111,1,-1,-0.555556,-1,-1
+1,-0.84439,-0.555556,0.333333,0.333333,-0.333333,-0.333333,0.777778,-0.333333,0.555556,-1
+1,-0.843667,1,-0.555556,0.111111,-0.777778,-0.555556,-0.111111,-0.333333,1,-0.777778
+1,-0.843607,-0.111111,-0.111111,-0.111111,0.555556,1,0.555556,0.333333,-0.555556,0.333333
+1,-0.841437,0.777778,-0.333333,-0.111111,1,0.111111,1,-0.333333,0.555556,-1
+1,-0.837965,-0.555556,-0.555556,0.111111,-0.333333,-0.111111,0.555556,-0.333333,-0.333333,-1
+1,-0.835329,0.777778,0.111111,0.777778,-0.777778,1,0.111111,-0.777778,0.777778,1
+1,-0.835224,0.333333,-0.111111,0.111111,1,-0.111111,1,0.333333,0.777778,-0.333333
+1,-0.83491,1,1,1,1,1,-1,0.555556,0.555556,0.555556
+1,-0.83424,1,1,1,-0.555556,1,0.555556,0.555556,-1,-1
+1,-0.834059,-0.111111,-0.555556,-0.111111,-1,0.555556,1,-0.111111,-0.555556,-1
+1,-0.833616,0.555556,-0.555556,-0.111111,-0.333333,-0.111111,1,-1,0.111111,-0.777778
+1,-0.832632,0.777778,-0.111111,-0.111111,-0.333333,-0.333333,-0.111111,-0.333333,-0.555556,-0.555556
+1,-0.83052,1,0.555556,1,1,0.111111,-1,-0.555556,-1,1
+1,-0.82924,-1,-0.111111,0.555556,0.111111,-0.111111,0.555556,0.333333,1,-1
+1,-0.829047,-0.111111,0.555556,-0.333333,1,-0.111111,0.555556,0.777778,1,-1
+1,-0.826975,1,1,1,1,0.333333,1,0.333333,1,-0.333333
+1,-0.826355,-0.333333,-1,-1,-0.555556,-1,-0.111111,-0.777778,-1,-1
+1,-0.826136,1,-0.111111,0.333333,-0.333333,-0.333333,1,0.555556,0.777778,-1
+1,-0.825552,0.111111,0.555556,0.333333,-0.111111,0.111111,0.555556,0.555556,0.777778,-0.777778
+1,-0.824033,1,0.555556,0.555556,-0.777778,0.555556,1,-0.333333,0.555556,1
+1,-0.971284,1,-0.111111,0.555556,1,-0.555556,1,-0.111111,-1,-0.555556
+1,-0.951092,0.555556,-0.333333,0.333333,-1,-0.555556,1,-0.555556,0.777778,-0.777778
+1,-0.945407,0.333333,-0.777778,-0.333333,-1,-0.555556,-0.333333,-0.555556,-0.555556,-1
+1,-0.936555,-1,-0.333333,-0.555556,1,-0.333333,1,-0.111111,0.111111,-1
+1,-0.928283,0.111111,-1,-0.555556,-1,-0.333333,-0.111111,-0.111111,1,-1
+1,-0.918849,-0.111111,-0.111111,0.333333,0.555556,0.111111,1,0.333333,-0.333333,-1
+1,-0.909816,0.333333,0.555556,0.333333,0.111111,-0.333333,-0.555556,0.555556,0.555556,-0.333333
+1,-0.906168,0.555556,0.111111,-0.333333,1,1,-1,-0.555556,-0.111111,-1
+1,-0.900305,0.333333,0.111111,-0.555556,-0.777778,-0.111111,1,0.333333,-0.333333,0.111111
+1,-0.888501,1,-0.555556,-0.555556,-1,-0.777778,1,0.333333,0.111111,-1
+1,-0.886572,0.333333,0.111111,-0.333333,0.555556,1,1,0.777778,-0.111111,-0.555556
+1,-0.885118,-0.333333,-0.777778,-0.555556,-0.111111,-0.555556,0.555556,0.333333,0.111111,-1
+1,-0.880076,0.555556,1,-0.111111,-0.555556,0.555556,-0.333333,-0.333333,1,-0.555556
+1,-0.883048,1,0.111111,-0.555556,0.111111,-0.333333,1,0.333333,0.555556,-0.333333
+1,-0.825611,-0.333333,-0.111111,-0.111111,0.555556,0.111111,1,1,0.333333,-1
+1,-0.826885,0.111111,1,1,1,-0.333333,1,0.333333,1,-1
+1,-0.824111,0.333333,0.555556,-0.555556,0.333333,-0.333333,-0.111111,0.333333,0.555556,-0.777778
+1,-0.815973,-0.777778,-0.111111,0.333333,0.111111,-0.333333,1,0.333333,0.111111,-1
+1,-0.926188,-0.111111,1,1,1,1,1,1,-1,-1
+1,-0.886572,0.555556,1,1,1,0.111111,1,1,1,1
+1,-0.810224,0.333333,0.555556,0.555556,0.333333,-0.555556,1,0.333333,-0.777778,-0.555556
+1,-0.804877,1,1,1,1,-0.111111,1,1,1,0.333333
+1,-0.90565,-0.111111,1,1,-0.111111,-0.333333,-0.111111,-0.333333,-0.333333,-1
+1,-0.875424,-0.333333,0.555556,0.555556,-0.111111,-0.333333,-0.111111,1,-0.333333,-1
