+1,1,-0.806917,-0.339286,0,0.0769231,-0.25,-0.883158,1,1,-0.910448,1,0,-0.96,-0.99944
+1,1,-0.230677,-0.580357,0,0.846154,0.75,-0.298246,1,1,-0.58209,1,0,-0.601,-1
+1,-1,-0.766917,-0.571429,0,-0.230769,-0.25,-0.824561,1,1,-0.910448,-1,0,-0.92,-0.98164
+1,1,-0.175338,-0.711429,0,0.846154,0.75,-0.508772,1,1,-0.761194,-1,0,-0.68,-1
+1,1,-0.385865,-0.345,0,0.0769231,-0.25,-0.684211,1,1,-0.641791,1,0,-1,-0.99558
+1,-1,-0.706767,-0.357143,0,0.538462,-0.25,-0.403509,1,1,-0.850746,1,0,-0.88,-1
+1,-1,-0.721805,-0.160714,0,1,0.75,-0.964912,1,1,-0.940299,1,0,-0.7,-0.98898
+1,1,-0.240602,-0.642857,0,0.846154,-0.25,-0.754386,1,1,-0.701493,1,0,-1,-1
+1,-1,0.0126315,-0.428571,0,0.384615,0,-0.54386,1,1,-0.820896,-1,0,-0.625,0.022
+1,1,0.20812,-0.3125,0,0.384615,-0.25,-0.39193,1,1,-0.850746,-1,0,-1,-1
+1,1,-0.323308,-0.642857,0,0.0769231,0,-0.824561,1,1,-0.820896,-1,0,-1,-0.99266
+1,-1,0.343459,0.5,0,-0.692308,0,-0.298246,1,1,-0.61194,-1,0,-1,-0.866
+1,1,-0.308271,-0.991071,-1,0.0769231,-0.25,-0.894737,-1,-1,-1,1,0,-0.768,-0.99774
+1,1,-0.749474,-0.214286,0,0.846154,-0.25,-0.953333,1,-1,-1,-1,0,-0.9,-1
+1,1,-0.320902,-0.848214,-1,0.230769,-0.25,-0.994035,1,1,-0.970149,-1,0,-0.95,-0.97626
+1,1,-0.0902256,-0.857143,0,-0.0769231,-0.25,-0.877193,1,1,-0.940299,1,0,-1,-0.9997
+1,-1,-0.0351879,-0.25,0,0.538462,-0.25,-0.649123,1,1,-0.791045,1,0,-1,-1
+1,1,0.270677,-0.107143,0,-0.538462,0.75,-0.438596,1,-1,-1,1,0,-0.976,-0.95944
+1,1,0.223158,-0.964286,-1,-0.538462,0.75,-0.722105,1,-1,-1,-1,0,-0.82,-0.99372
+1,1,-0.734436,-0.282857,0,1,-0.25,-0.997193,1,1,-0.731343,-1,0,-0.94,-0.99208
+1,1,-0.661654,-0.107143,0,-0.230769,-0.25,-0.789474,1,-1,-1,1,-1,-0.98,-1
+1,1,-0.869774,-0.607143,0,-0.538462,-0.25,-0.964912,1,-1,-1,-1,0,-0.92,-1
+1,1,0.0201503,-0.979286,0,0.0769231,0,0.0526316,1,1,-0.402985,-1,0,-1,-0.7
+1,1,-0.631579,-0.928571,0,0.538462,-0.25,-0.877193,1,-1,-1,1,0,-0.72,-1
+1,1,-0.887218,0.571429,1,-1,0.5,-1,-1,-1,-1,1,1,-0.55,1
+1,-1,-0.884812,-0.357143,0,-0.230769,-0.25,-0.903509,1,-1,-1,1,0,-1,-1
+1,-1,-0.661654,-0.9375,0,1,0.75,-0.927018,1,-1,-1,1,0,-0.84,-0.8828
+1,1,-0.506165,-0.535714,0,0.846154,-0.25,-0.780702,1,1,-0.761194,-1,0,-0.67,-0.976
+1,-1,-0.859549,-0.339286,0,0.538462,-0.25,-0.915088,1,1,-0.880597,-1,0,-0.94,-0.9892
+1,-1,-0.200601,-0.461429,-1,0.538462,0.75,-0.438596,1,1,-0.58209,-1,0,-1,-0.954
+1,1,-0.250526,-0.985,0,-0.538462,-0.25,-0.994035,1,-1,-1,1,0,-0.72,-1
+1,1,-0.406015,-0.875,0,1,0.75,-0.684211,1,1,-0.880597,1,0,-0.747,-0.98286
+1,-1,0,-0.0714286,0,-0.692308,0,-0.637544,1,1,-0.731343,1,0,-1,-1
+1,1,0.075188,-0.458214,0,-0.692308,0,-0.467719,1,1,-0.552239,1,0,-1,-0.9
+1,-1,0.651729,0.0714286,0,0.384615,1,-1,1,1,-0.58209,-1,0,-1,-0.93248
+1,1,-0.719398,-0.178571,0,-0.692308,-0.25,-0.754386,1,1,-0.731343,-1,0,-0.944,-0.98516
+1,1,-0.774436,-0.892857,0,0.230769,-0.25,-0.894737,-1,-1,-1,-1,0,-0.85,-0.99984
+1,1,-0.626466,-0.982143,0,-0.692308,0,-1,1,-1,-1,1,0,-1,-1
+1,-1,-0.79188,-0.785714,0,0.538462,-0.25,-0.988421,1,1,-0.910448,-1,0,-0.9,-0.99988
+1,-1,-0.739248,-0.196429,-1,1,0.75,-0.947368,1,1,-0.880597,-1,0,-1,-0.99358
+1,1,0.293233,-0.125,0,-0.0769231,-0.25,-0.912281,1,1,-0.880597,1,0,-0.8,-1
+1,1,-0.385865,-0.625,0,0.230769,-0.25,-0.994035,-1,-1,-1,1,0,-0.71,-0.99988
+1,1,-0.165414,-0.89,0,-0.692308,0,-0.754386,-1,-1,-1,-1,0,-0.784,-1
+1,-1,-0.0803007,-1,0,0.0769231,-0.25,-0.824561,1,-1,-1,-1,0,-1,-1
+1,-1,-0.709173,-0.943571,-1,0.538462,-0.25,-0.894737,1,1,-0.940299,1,0,-0.92,-0.992
+1,1,-0.310677,-0.684643,-1,-0.538462,-0.25,-0.982456,1,1,-0.701493,1,0,-0.68,-1
+1,1,-0.265564,-0.276786,0,1,-0.25,-0.824561,1,1,-0.820896,-1,0,-0.48,-0.99608
+1,-1,0.0225564,-0.428571,0,0.0769231,-0.25,-0.447368,1,1,-0.820896,1,0,-1,-0.9748
+1,-1,-0.551278,-0.925714,0,0.0769231,-0.25,-0.824561,1,1,-0.850746,1,0,-0.7,-0.9714
+1,1,-0.0601504,-0.392857,0,0.846154,0.75,-0.0175439,1,1,-0.970149,1,0,-0.912,-0.96
+1,1,-0.471278,0.392857,0,0.0769231,-0.25,-0.508772,1,1,-0.522388,-1,0,-1,-0.9
+1,1,-0.726917,-0.785714,0,-0.0769231,-0.25,-0.909474,1,1,-0.970149,-1,0,-0.74,-0.984
+1,1,-0.52391,-0.678571,0,0.230769,-0.25,-0.473684,1,1,-0.940299,1,0,-0.67,-1
+1,1,-0.694135,-0.9525,0,0.0769231,-0.25,-0.988421,-1,-1,-1,-1,0,-0.9,-1
+1,1,-0.112782,-0.785714,0,0.538462,0.75,-0.578947,1,1,-0.671642,-1,0,-0.92,-1
+1,1,-0.741955,-0.214286,0,0.230769,-0.25,-0.859649,1,1,-0.970149,-1,0,-0.92,-0.99444
+1,1,-0.150376,-0.985357,0,-0.692308,0.75,-0.640351,1,-1,-1,-1,0,-0.6,-1
+1,1,0.894737,0.592143,0,0.384615,1,-0.105263,1,1,-0.970149,1,0,-1,-0.99782
+1,-1,-0.661654,-0.119286,0,0.846154,0.75,-0.754386,1,1,-0.820896,-1,0,-0.6,-0.99084
+1,-1,-0.761805,-0.178571,-1,-0.384615,-0.5,-1,1,1,-0.671642,1,0,-1,-1
+1,1,-0.193083,-0.642857,0,0.0769231,-0.25,-0.649123,1,1,-0.791045,-1,0,-1,-0.9387
