-1,0.176471,0.688442,0.213115,-1,-1,0.132638,-0.608027,-0.566667
-1,-0.176471,0.0753769,0.213115,-1,-1,-0.117735,-0.849701,-0.666667
-1,-0.882353,0.155779,0.147541,-0.393939,-0.77305,0.0312965,-0.614859,-0.633333
-1,-0.0588235,0.768844,0.47541,-0.313131,-0.29078,0.004471,-0.667805,0.233333
-1,-0.529412,0.738693,0.147541,-0.717172,-0.602837,-0.114754,-0.758326,-0.6
-1,-0.647059,0.708543,0.0491803,-0.252525,-0.468085,0.028316,-0.762596,-0.7
-1,0.176471,0.0854271,0.0819672,-1,-1,-0.0342771,-0.83433,-0.3
-1,0.0588235,0.567839,0.409836,-0.434343,-0.63357,0.0223547,-0.0512383,-0.3
-1,-0.176471,0.527638,0.442623,-0.111111,-1,0.490313,-0.778822,-0.5
-1,1,0.638191,0.180328,-0.171717,-0.730496,0.219076,-0.368915,-0.133333
-1,-0.176471,0.949749,0.114754,-0.434343,-1,0.0700448,-0.430401,-0.333333
-1,-0.0588235,0.819095,0.114754,-0.272727,0.170213,-0.102832,-0.541418,0.3
-1,0.294118,0.356784,-1,-1,-1,0.558867,-0.573015,-0.366667
-1,-0.411765,0.58794,0.377049,-0.171717,-0.503546,0.174367,-0.729291,-0.733333
-1,-0.647059,0.0753769,0.0163934,-0.737374,-0.886525,-0.317437,-0.487617,-0.933333
-1,-0.529412,0.0954774,0.0491803,-0.111111,-0.765957,0.0372578,-0.293766,-0.833333
-1,-0.411765,0.628141,0.704918,-1,-1,0.123696,-0.93766,0.0333333
-1,-0.411765,0.0954774,0.0163934,-0.171717,-0.695035,0.0670641,-0.627669,-0.866667
-1,-0.411765,-0.145729,0.213115,-0.555556,-1,-0.135618,-0.0213493,-0.633333
-1,-0.647059,0.628141,-0.147541,-0.232323,-1,0.108793,-0.509821,-0.9
-1,-0.764706,0.286432,0.278689,-0.252525,-0.56974,0.290611,-0.0213493,-0.666667
-1,-1,0.678392,-1,-1,-1,-0.0372578,-0.350128,-0.7
-1,-0.764706,0.447236,-0.0491803,-0.333333,-0.680851,-0.0581222,-0.706234,-0.866667
-1,-0.411765,0.155779,0.606557,-1,-1,0.576751,-0.88813,-0.766667
-1,-0.764706,0.246231,0.114754,-0.434343,-0.515366,-0.019374,-0.319385,-0.7
-1,0.0588235,0.527638,0.278689,-0.313131,-0.595745,0.0193741,-0.304014,-0.6
-1,-0.411765,-1,0.311475,-0.353535,-1,0.222057,-0.771136,-0.466667
-1,-0.529412,0.467337,0.278689,-1,-1,0.147541,-0.622545,0.533333
-1,-0.529412,0.567839,0.229508,-1,-1,0.439642,-0.863365,-0.633333
-1,-0.529412,-0.0452261,0.0491803,-1,-1,-0.0461997,-0.92912,-0.666667
-1,-0.529412,0.155779,0.180328,-1,-1,-0.138599,-0.745517,-0.166667
-1,-1,0.386935,-0.0163934,-0.292929,-0.605201,0.0312965,-0.610589,-1
-1,-0.882353,0.819095,0.0491803,-0.393939,-0.574468,0.0163934,-0.786507,-0.433333
-1,-0.0588235,0.20603,-1,-1,-1,-0.105812,-0.910333,-0.433333
-1,-0.176471,0.959799,0.147541,-0.333333,-0.65721,-0.251863,-0.927412,0.133333
-1,-0.647059,0.638191,0.147541,-0.636364,-0.751773,-0.0581222,-0.837746,-0.766667
-1,0.0588235,0.306533,0.147541,-1,-1,0.0193741,-0.509821,-0.2
-1,0.176471,-0.0954774,0.393443,-0.353535,-1,0.0402385,-0.362084,0.166667
-1,-1,0.21608,0.0819672,-0.393939,-0.609929,0.0223547,-0.893254,-0.6
-1,0.294118,0.115578,0.377049,-0.191919,-1,0.394933,-0.276687,-0.2
-1,-1,0.889447,0.344262,-0.717172,-0.562648,-0.0461997,-0.484202,-0.966667
-1,-0.529412,0.839196,-1,-1,-1,-0.153502,-0.885568,-0.5
-1,0.529412,0.0452261,0.180328,-1,-1,-0.0700447,-0.669513,-0.433333
-1,0.294118,0.366834,0.377049,-0.292929,-0.692671,-0.156483,-0.844577,-0.3
-1,-0.764706,0.557789,-0.147541,-0.454545,0.276596,0.153502,-0.861657,-0.866667
-1,0.176471,0.115578,0.147541,-0.454545,-1,-0.180328,-0.9462,-0.366667
-1,-1,0.628141,0.245902,-0.272727,-1,0.47839,-0.755764,-0.833333
-1,0.176471,0.155779,-1,-1,-1,-1,-0.843723,-0.7
-1,-0.0588235,0.20603,0.409836,-1,-1,-0.153502,-0.845431,-0.966667
-1,0.294118,0.20603,0.311475,-0.252525,-0.64539,0.260805,-0.396243,-0.1
-1,-0.647059,0.879397,0.147541,-0.555556,-0.527187,0.0849479,-0.71819,-0.5
-1,-0.0588235,0.547739,0.278689,-0.353535,-1,-0.0342771,-0.688301,-0.2
-1,-0.882353,0.286432,0.442623,-0.212121,-0.739953,0.0879285,-0.163962,-0.466667
-1,-0.294118,0.909548,0.508197,-1,-1,0.0581222,-0.829206,0.5
+1,0.176471,0.155779,-1,-1,-1,0.052161,-0.952178,-0.733333
+1,-0.647059,0.266332,0.442623,-0.171717,-0.444444,0.171386,-0.465414,-0.8
+1,0.529412,0.457286,0.344262,-0.616162,-0.739953,-0.338301,-0.857387,0.2
+1,-0.294118,-0.0753769,0.508197,-1,-1,-0.406855,-0.906063,-0.766667
+1,-0.647059,0.809045,0.0491803,-0.494949,-0.834515,0.0134128,-0.835184,-0.833333
+1,-0.176471,0.59799,0.0491803,-1,-1,-0.183308,-0.815542,-0.366667
+1,-0.764706,-0.286432,0.147541,-0.454545,-1,-0.165425,-0.566183,-0.966667
+1,-0.882353,0.0351759,0.311475,-0.777778,-0.806147,-0.421759,-0.64731,-0.966667
+1,-0.411765,-0.115578,0.0819672,-0.575758,-0.945626,-0.272727,-0.774552,-0.7
+1,-1,0.467337,0.344262,-1,-1,0.207154,0.454313,-0.233333
+1,-0.411765,-0.557789,0.0163934,-1,-1,-0.254843,-0.565329,-0.5
+1,-0.411765,-0.00502513,0.213115,-0.454545,-1,-0.135618,-0.893254,-0.633333
+1,-0.882353,-0.20603,0.229508,-0.393939,-1,-0.0461997,-0.728437,-0.966667
+1,-0.764706,-0.256281,-1,-1,-1,-1,-0.979505,-0.966667
+1,-0.176471,-0.165829,0.278689,-0.474747,-0.832151,-0.126677,-0.411614,-0.5
+1,-0.882353,0.517588,-0.0163934,-1,-1,-0.222057,-0.913749,-0.966667
+1,-0.529412,-0.236181,0.0163934,-1,-1,0.0134128,-0.732707,-0.866667
+1,-0.529412,-0.0251256,-0.0163934,-0.535354,-1,-0.159463,-0.688301,-0.966667
+1,-0.764706,-0.0351759,0.114754,-0.737374,-0.884161,-0.371088,-0.514091,-0.833333
+1,-1,0.00502513,0.147541,-0.474747,-0.881797,-0.0819672,-0.556789,-1
+1,-0.529412,0.517588,0.47541,-0.232323,-1,-0.114754,-0.815542,-0.5
+1,-0.647059,0.487437,0.0819672,-0.494949,-1,-0.0312965,-0.847993,-0.966667
+1,-0.882353,-0.20603,-0.0163934,-0.151515,-0.886525,0.296572,-0.487617,-0.933333
+1,-0.411765,0.437186,0.278689,-1,-1,0.341282,-0.904355,-0.133333
+1,-0.647059,0.115578,0.0163934,-1,-1,-0.326379,-0.945346,-1
+1,-0.0588235,-0.145729,-0.0983607,-0.59596,-1,-0.272727,-0.95047,-0.3
+1,-0.176471,0.427136,-0.0163934,-0.333333,-0.550827,-0.14158,-0.479932,0.333333
+1,-0.882353,-0.125628,0.278689,-0.454545,-0.92435,0.0312965,-0.980359,-0.966667
+1,-1,0.0452261,0.245902,-1,-1,-0.451565,-0.569599,-0.8
+1,-0.882353,-0.0854271,0.0491803,-0.515152,-1,-0.129657,-0.902647,-1
+1,-0.764706,0.296482,0.377049,-1,-1,-0.165425,-0.824082,-0.8
+1,-0.764706,-0.0954774,0.311475,-0.717172,-0.869976,-0.272727,-0.853971,-0.9
+1,-0.764706,0.145729,0.114754,-0.555556,-1,-0.14456,-0.988044,-0.866667
+1,-0.647059,0.427136,0.311475,-0.69697,-1,-0.0342771,-0.895816,0.4
+1,-0.411765,-0.0351759,0.213115,-0.636364,-0.841608,0.00149028,-0.215201,-0.266667
+1,0.529412,0.0653266,0.147541,-1,-1,0.0193741,-0.852263,0.0333333
+1,-0.176471,0.336683,0.442623,-0.69697,-0.63357,-0.0342771,-0.842869,-0.466667
+1,-0.411765,0.0854271,0.180328,-0.131313,-0.822695,0.0760059,-0.842015,-0.6
+1,-0.294118,0.517588,0.0163934,-0.373737,-0.716312,0.0581222,-0.475662,-0.766667
+1,-0.411765,-0.226131,0.344262,-0.171717,-0.900709,0.0670641,-0.93339,-0.533333
+1,-0.764706,0.125628,0.114754,-0.555556,-0.777778,0.0163934,-0.797609,-0.833333
+1,0.411765,0.0653266,0.311475,-1,-1,-0.296572,-0.949616,-0.233333
+1,-0.411765,0.226131,0.409836,-1,-1,0.0342773,-0.818958,-0.6
+1,-0.647059,-0.0954774,0.278689,-1,-1,0.272727,-0.58924,-1
+1,-1,0.0150754,0.0491803,-0.656566,-1,-0.374069,-0.851409,-1
+1,-1,0.18593,0.0491803,-0.535354,-0.789598,-1,0.411614,-1
+1,-1,-0.155779,0.0491803,-0.555556,-0.843972,0.0670641,-0.601196,-1
+1,-0.882353,-0.125628,-0.0163934,-0.252525,-0.822695,0.108793,-0.631939,-0.966667
+1,-0.882353,0.0954774,-0.0163934,-0.838384,-0.56974,-0.242921,-0.257899,-1
+1,-0.882353,0.19598,-0.114754,-0.737374,-0.881797,-0.33532,-0.891546,-0.9
+1,-0.529412,0.165829,0.180328,-0.757576,-0.794326,-0.341282,-0.671221,-0.466667
+1,-0.882353,-0.0251256,0.114754,-0.575758,-1,-0.18927,-0.131512,-0.966667
+1,-0.882353,-0.165829,0.114754,-1,-1,-0.457526,-0.533732,-0.8
+1,-1,0.356784,0.540984,-0.0707071,-0.65721,0.210134,-0.824082,-0.833333
+1,-0.764706,-0.00502513,-1,-1,-1,-0.338301,-0.974381,-0.933333
+1,0.411765,0.407035,0.393443,-0.333333,-1,0.114754,-0.858241,-0.333333
+1,-0.882353,-0.0251256,0.147541,-0.69697,-1,-0.457526,-0.941076,-1
+1,-0.764706,-0.165829,0.0819672,-0.535354,-0.881797,-0.0402384,-0.642186,-0.966667
+1,-1,-0.0452261,0.311475,-0.0909091,-0.782506,0.0879285,-0.784799,-0.833333
+1,0.0588235,0.20603,0.180328,-0.555556,-0.867612,-0.38003,-0.440649,-0.1
+1,-0.176471,0.145729,0.245902,-0.656566,-0.739953,-0.290611,-0.668659,-0.666667
+1,-0.0588235,0.266332,0.213115,-0.232323,-0.822695,-0.228018,-0.928266,-0.4
+1,-0.294118,0.668342,0.213115,-1,-1,-0.207153,-0.807003,0.5
+1,-0.882353,0.306533,-0.0163934,-0.535354,-0.598109,-0.147541,-0.475662,-1
+1,-1,0.396985,0.0163934,-0.656566,-0.503546,-0.341282,-0.889838,-1
+1,-0.647059,-0.00502513,-0.114754,-0.616162,-0.79669,-0.23696,-0.935098,-0.9
+1,-0.176471,0.256281,0.409836,-1,-1,0.120715,-0.807003,0
+1,-0.647059,0.246231,0.311475,-0.333333,-0.692671,-0.0104321,-0.806149,-0.833333
+1,-0.294118,0.145729,-1,-1,-1,-1,-0.905209,-0.833333
+1,-0.647059,0.165829,0.213115,-0.69697,-0.751773,-0.216095,-0.975235,-0.9
+1,-0.882353,-0.226131,-0.0819672,-0.393939,-0.867612,-0.00745157,0.00170794,-0.9
+1,-0.529412,-0.155779,0.47541,-0.535354,-0.867612,0.177347,-0.930828,-0.866667
+1,-0.294118,0.145729,0.442623,-1,-1,-0.171386,-0.855679,0.5
+1,-0.882353,-0.115578,0.0163934,-0.515152,-0.895981,-0.108793,-0.706234,-0.933333
+1,-0.882353,-0.155779,0.0491803,-0.535354,-0.728132,0.0998511,-0.664389,-0.766667
+1,-0.764706,-0.0452261,-0.114754,-0.717172,-0.791962,-0.222057,-0.427839,-0.966667
+1,-0.294118,-0.0753769,0.0163934,-0.353535,-0.702128,-0.0461997,-0.994022,-0.166667
+1,-0.0588235,0.00502513,0.245902,-1,-1,0.153502,-0.904355,-0.3
+1,-0.294118,0.0351759,0.0819672,-1,-1,-0.275708,-0.853971,-0.733333
+1,-0.764706,-0.175879,-0.147541,-0.555556,-0.728132,-0.150522,0.384287,-0.866667
+1,-0.294118,0.236181,0.180328,-0.0909091,-0.456265,0.00149028,-0.440649,-0.566667
+1,-1,-0.326633,0.245902,-1,-1,0.350224,-0.900939,-0.166667
+1,-0.647059,0.0653266,-0.114754,-0.575758,-0.626478,-0.0789866,-0.81725,-0.9
+1,-0.294118,0.175879,0.57377,-1,-1,-0.14456,-0.932536,-0.7
+1,-0.764706,-0.0753769,0.245902,-0.59596,-1,-0.278688,0.383433,-0.766667
+1,-0.764706,-0.0552764,0.245902,-0.636364,-0.843972,-0.0581222,-0.512383,-0.933333
+1,-0.882353,-0.0854271,-0.114754,-0.494949,-0.763593,-0.248882,-0.866781,-0.933333
+1,0.176471,0.628141,0.377049,-1,-1,-0.174367,-0.911187,0.1
+1,-0.882353,-0.00502513,-0.0491803,-0.79798,-1,-0.242921,-0.596072,-1
+1,-0.411765,0.366834,0.344262,-1,-1,-1,-0.520068,0.6
+1,-1,-0.00502513,-1,-1,-1,-0.254843,-0.850555,-0.966667
+1,0.176471,-0.0552764,0.180328,-0.636364,-1,-0.311475,-0.558497,0.166667
+1,-0.882353,0.115578,0.540984,-1,-1,-0.0223547,-0.840307,-0.2
+1,-0.529412,0.125628,0.278689,-0.191919,-1,0.174367,-0.865073,-0.433333
+1,-0.764706,-0.0753769,-0.147541,-1,-1,-0.102832,-0.9462,-0.966667
+1,-0.764706,0.0552764,0.229508,-1,-1,-0.305514,-0.588386,0.0666667
+1,-0.647059,0.0251256,-0.278689,-0.59596,-0.777778,-0.0819672,-0.725021,-0.833333
+1,0.529412,0.537688,0.442623,-0.252525,-0.669031,0.210134,-0.0640478,-0.4
+1,-0.647059,0.0854271,0.0163934,-0.515152,-1,-0.225037,-0.876174,-0.866667
+1,-0.764706,-0.115578,-0.0491803,-0.474747,-0.962175,-0.153502,-0.412468,-0.966667
