-1,-0.849494,-0.555556,-0.555556,-0.777778,-0.777778,-0.555556,-1,-1,-0.777778,-0.555556
-1,-0.812376,-0.555556,-1,-1,-0.777778,-0.555556,-0.333333,-1,-1,-1
-1,-0.844351,-0.333333,-1,-1,-1,-0.777778,-1,-1,-1,-1
-1,-0.840241,-0.111111,-0.555556,-1,-0.777778,-0.777778,-1,-0.777778,-1,-1
-1,-0.834485,-0.555556,-1,-1,-1,-0.777778,-1,-1,-1,-1
-1,-0.876813,-0.555556,-0.777778,-0.777778,-1,-0.333333,-0.555556,-0.777778,-1,-1
-1,-0.834115,-0.333333,-0.777778,-1,-1,-0.777778,-0.777778,-0.555556,-1,-1
-1,-0.814784,-0.555556,-1,-1,-1,-0.777778,-1,-0.777778,-1,-1
-1,-0.848891,-0.555556,-1,-0.777778,-1,-0.777778,-1,-0.777778,-1,-1
-1,-0.907164,-0.777778,-1,-1,-1,-0.555556,-1,-0.777778,-1,-1
-1,-0.914457,-1,-1,-1,-1,-0.777778,-1,-0.555556,-1,-1
-1,-0.906705,-1,-1,-1,-1,-0.777778,-1,-1,-1,-1
-1,-0.833764,-1,-1,-1,-1,-0.777778,-1,-0.777778,-1,-1
-1,-0.924855,-0.111111,-1,-1,-1,-0.777778,-1,-1,-1,-1
-1,-0.973177,-0.111111,0.333333,0.333333,-1,-0.111111,0.555556,-0.555556,-0.333333,-1
-1,-0.857339,-0.777778,-1,-0.777778,-1,-0.777778,-1,-0.555556,-1,-1
-1,-0.812272,-0.555556,-1,-0.777778,-0.777778,-0.777778,-1,-1,-1,-1
-1,-0.807114,-0.777778,-1,-1,-1,-0.777778,-1,-0.555556,-1,-1
-1,-0.805109,-0.111111,-1,-1,-1,-0.777778,-1,-1,-1,-1
-1,-0.827709,-1,-1,-1,-1,-0.777778,-1,-0.555556,-1,-1
-1,-0.91442,-0.111111,-1,-1,-1,-0.777778,-1,-1,-1,-1
-1,-0.828181,-0.555556,-1,-1,-1,-0.777778,-1,-1,-1,-1
-1,-0.828066,-0.555556,-1,-1,-1,-0.777778,-1,-0.777778,-1,-1
-1,-0.832191,-0.777778,-1,-0.555556,-0.777778,-0.777778,-1,-0.777778,-1,-1
-1,-0.824562,-1,-1,-1,-1,-0.777778,-1,-0.777778,-1,-1
-1,-0.818876,-0.111111,-1,-1,-0.555556,-0.333333,-1,-0.555556,-0.777778,-1
-1,-0.824857,-0.555556,-0.555556,-0.777778,-1,-0.555556,-1,-0.555556,0.111111,-1
-1,-0.908855,-0.555556,-1,-1,-1,-0.777778,-0.111111,-0.111111,-1,-1
-1,-0.905631,-1,-1,-1,-1,-0.777778,-1,-0.777778,-1,-1
-1,-0.959716,-1,-1,-1,-1,-0.555556,-1,-1,-1,-1
-1,-0.829,-1,-0.777778,-0.555556,-1,-0.777778,-1,-0.555556,-1,-1
-1,-0.818253,-0.333333,-1,-1,-1,-0.777778,-1,-1,-0.777778,-1
-1,-0.840502,-1,-1,-0.777778,-1,-0.777778,-0.777778,-0.333333,-0.777778,-1
-1,-0.815898,-0.333333,-1,-0.777778,-1,-0.777778,-1,-1,-1,-1
-1,-0.833797,-0.555556,-1,-1,-1,-0.777778,-1,-0.555556,-1,-1
-1,-0.883744,-0.777778,-1,-1,-1,-0.777778,-1,-1,-1,-1
-1,-0.832702,-0.555556,-1,-1,-1,-0.777778,-1,-1,-1,-1
-1,-0.811288,-0.555556,-1,-1,-1,-0.777778,-1,-0.777778,-1,-1
-1,-0.859809,-1,-1,-1,-0.555556,-1,-0.555556,-1,-1,-1
-1,-0.82118,-0.555556,-1,-0.333333,-1,-0.777778,-1,-1,-1,-1
-1,-0.892886,-0.111111,-1,-1,0.111111,-0.555556,-1,-0.777778,-1,-1
-1,-0.832993,-1,-1,-1,-1,-1,-1,-1,-1,-1
-1,-0.842757,-0.111111,-1,-0.777778,-1,-0.777778,-1,-0.555556,-1,-1
-1,-0.834238,-0.555556,-0.555556,-0.777778,-1,-0.777778,-0.555556,-0.555556,-1,-1
-1,-0.821968,-0.555556,-0.777778,-0.777778,-0.555556,-0.777778,-0.555556,-0.555556,-1,-1
-1,-0.821587,-0.555556,-1,-1,-1,-0.777778,-1,-1,-1,-1
-1,-0.812297,-0.111111,-1,-1,-1,-0.777778,-1,-0.777778,-1,-1
-1,-0.821605,-0.111111,-1,-0.555556,-1,-0.777778,-1,-0.777778,-1,-1
-1,-0.83535,-0.111111,-1,-1,-1,-0.777778,-1,-0.555556,-1,-1
-1,-0.805586,-0.333333,-1,-0.333333,-1,-0.777778,-1,-1,-1,-1
-1,-0.808516,-1,-1,-0.555556,-1,-0.777778,-1,-0.777778,-1,-1
-1,-0.913772,-1,-1,-1,-1,-0.777778,-1,-0.777778,-1,-1
-1,-0.829607,-1,-1,-1,-1,-0.777778,-1,-1,-1,-1
-1,-0.899893,-0.555556,-1,-1,-1,-0.777778,-1,-0.555556,-1,-1
-1,-0.83269,-0.555556,-1,-0.555556,-1,-0.555556,-0.333333,-1,-1,-1
-1,-0.81101,-0.555556,-1,-1,-1,-0.777778,-1,-0.777778,-1,-1
-1,-0.827559,-0.333333,-1,-1,-1,-0.777778,-1,-0.777778,-1,-1
-1,-0.882987,-0.555556,-0.333333,-0.111111,-0.555556,0.333333,-0.555556,-0.333333,0.111111,-1
-1,-0.888473,-1,-1,-1,-1,-0.777778,-1,-0.555556,-1,-1
-1,-0.890217,-1,-1,-1,-1,-0.777778,-1,-0.555556,-1,-1
-1,-0.839112,0.333333,-1,-0.777778,-0.555556,-0.777778,-1,-0.777778,-1,-1
-1,-0.856787,-0.777778,-1,-1,-1,-0.777778,-1,-1,-1,-1
-1,-0.830798,-0.333333,-1,-1,-1,-0.777778,-1,-1,-1,-1
-1,-0.855171,-0.333333,-0.777778,-1,-1,-0.777778,-1,-0.777778,-1,-1
-1,-0.834465,-1,-1,-1,-1,-0.777778,-1,-0.777778,-0.555556,-1
-1,-0.826012,-1,-1,-1,-1,-1,-1,-0.555556,-1,-1
-1,-0.82577,-1,-1,-1,-1,-0.777778,-1,-0.777778,-1,-1
-1,-0.826449,0.111111,-0.777778,-0.555556,-1,-0.777778,-1,-1,-1,-1
-1,-0.857569,0.111111,-0.555556,-0.555556,-0.111111,-0.555556,1,-0.555556,-0.111111,-0.555556
-1,-0.929627,-1,-1,-1,-1,-0.777778,-1,-1,-1,-1
-1,-0.814358,-0.333333,-0.333333,-0.777778,-1,-0.777778,-0.111111,-0.777778,-1,-0.777778
-1,-0.824381,-0.555556,-0.555556,-0.777778,0.111111,-0.555556,-0.555556,-0.555556,-0.111111,-1
-1,-0.850038,-0.777778,-1,-1,-1,-0.777778,-1,-0.777778,-1,-1
-1,-0.951949,-0.111111,-1,-0.777778,-1,-0.777778,-1,-0.555556,-1,-1
-1,-0.805017,-0.777778,-1,-1,-1,-0.777778,-1,-1,-1,-1
-1,-0.848267,-0.777778,-1,-1,-1,-0.777778,-1,-0.777778,-1,-1
-1,-0.859737,-0.555556,-0.777778,-0.777778,-0.777778,-0.777778,-1,-0.555556,-0.777778,-1
-1,-0.835607,-1,-1,-1,-1,-0.777778,-1,-0.555556,-1,-1
-1,-0.981997,-1,-0.777778,-0.777778,-1,-0.777778,-1,-1,-1,-1
-1,-0.83028,-0.555556,-1,-1,-1,-0.777778,-1,-1,-1,-1
-1,-0.825505,0.555556,-0.333333,0.111111,-0.555556,-0.555556,-1,-0.333333,-0.555556,-1
-1,-0.824216,-0.111111,-0.777778,-0.777778,-0.777778,-0.777778,-0.777778,-0.555556,-0.777778,-0.777778
-1,-0.842892,-1,-1,-1,-1,-0.777778,-0.777778,-0.777778,-1,-1
-1,-0.822249,-0.777778,-0.555556,-1,-1,-0.111111,-1,-1,-1,-1
-1,-0.827694,-0.111111,-1,-1,-1,-0.777778,-1,-0.555556,-1,-1
-1,-0.884444,-0.777778,-1,-1,-1,-0.777778,-1,-0.555556,-1,-1
-1,-0.817437,-0.333333,-1,-1,-0.555556,-0.777778,-1,-1,-1,-1
-1,-0.902133,-1,-1,-1,-1,-0.111111,-1,-0.555556,-1,-1
