+1,-0.886572,0.333333,0.111111,-0.333333,0.555556,1,1,0.777778,-0.111111,-0.555556
+1,-0.964179,1,-0.333333,-0.333333,1,0.111111,1,-0.111111,-0.111111,-1
+1,-0.827441,1,1,0.777778,-0.555556,0.333333,-0.111111,-0.555556,-0.111111,-1
+1,-0.838797,-0.111111,1,1,1,0.111111,1,0.111111,-0.111111,-0.777778
+1,-0.906168,0.555556,0.111111,-0.333333,1,1,-1,-0.555556,-0.111111,-1
+1,-0.812989,-0.333333,0.555556,0.111111,-0.555556,-0.333333,1,0.333333,-1,-1
+1,-0.899518,1,-0.333333,-0.555556,1,-0.555556,1,0.333333,-1,-0.777778
+1,-0.961571,-0.555556,-0.555556,-0.111111,-0.777778,-0.555556,1,0.333333,-1,-1
+1,-0.830794,0.777778,0.777778,1,-0.555556,0.111111,1,0.333333,1,0.111111
+1,-0.875424,-0.333333,0.555556,0.111111,-0.333333,-0.555556,-0.333333,1,0.111111,-1
+1,-0.930701,0.555556,1,1,1,0.555556,1,1,0.333333,-0.555556
+1,-0.885118,-0.333333,-0.777778,-0.555556,-0.111111,-0.555556,0.555556,0.333333,0.111111,-1
+1,-0.824015,0.777778,0.555556,0.555556,-0.111111,0.111111,-0.777778,-0.333333,1,-0.333333
+1,-0.889455,-0.111111,1,1,1,-0.111111,-0.777778,0.555556,-0.111111,-1
+1,-0.844156,0.333333,0.555556,0.333333,-0.777778,-0.333333,0.555556,-0.555556,0.555556,-0.777778
+1,-0.825733,1,1,1,-0.555556,1,1,0.777778,1,-1
+1,-0.899866,-0.111111,-0.333333,0.111111,1,-0.777778,1,-0.333333,-1,-1
+1,-0.878279,-0.111111,0.333333,1,0.111111,-0.111111,1,0.333333,-0.111111,-1
+1,-0.926428,-0.111111,0.111111,0.111111,0.555556,0.111111,1,-0.333333,1,-0.333333
+1,-0.804877,1,1,1,1,-0.111111,1,1,1,0.333333
+1,-0.824033,1,0.555556,0.555556,-0.777778,0.555556,1,-0.333333,0.555556,1
+1,-0.886572,0.555556,1,1,1,0.111111,1,1,1,1
+1,-0.827536,-0.111111,1,1,0.777778,0.111111,1,0.333333,1,-0.111111
+1,-0.833198,-0.111111,1,0.555556,1,0.555556,1,-0.555556,0.111111,-0.555556
+1,-0.820043,0.777778,0.555556,0.555556,0.777778,0.111111,-0.555556,-0.333333,-1,-1
+1,-0.833834,-0.111111,-0.333333,0.111111,0.333333,0.777778,0.333333,0.555556,1,-1
+1,-0.876716,-0.111111,1,1,-0.555556,0.333333,-0.555556,0.555556,1,-0.777778
+1,-0.837876,-0.555556,0.111111,0.111111,0.111111,-0.111111,1,0.111111,0.555556,-0.555556
+1,-0.830107,0.555556,0.111111,-0.111111,-0.333333,-0.555556,1,0.111111,-1,-1
+1,-0.833693,0.333333,-0.111111,-0.555556,0.333333,-0.333333,1,0.333333,-0.111111,-0.111111
+1,-0.834863,0.333333,-0.555556,-0.333333,-0.333333,-0.555556,-0.555556,-0.555556,-0.777778,0.333333
+1,-0.829951,-0.111111,1,1,-0.555556,0.555556,-1,-0.111111,1,-0.555556
+1,-0.878438,0.111111,1,1,1,1,1,0.555556,1,1
+1,-0.987826,0.555556,1,1,0.555556,-0.111111,1,0.333333,0.555556,-1
+1,-0.826885,0.111111,1,1,1,-0.333333,1,0.333333,1,-1
+1,-0.903958,-0.111111,-0.111111,-0.111111,-0.777778,-0.111111,1,-0.333333,-0.555556,-1
+1,-0.837965,-0.555556,-0.555556,0.111111,-0.333333,-0.111111,0.555556,-0.333333,-0.333333,-1
+1,-0.995169,0.111111,1,1,1,0.555556,1,0.333333,1,0.333333
+1,-0.83052,1,0.555556,1,1,0.111111,-1,-0.555556,-1,1
+1,-0.845097,0.111111,1,1,-0.777778,0.555556,1,0.333333,-0.555556,-0.555556
+1,-0.82036,0.555556,0.333333,0.555556,-0.777778,-0.333333,-0.777778,-0.111111,1,-1
+1,-0.843228,0.555556,-0.777778,-0.333333,-1,-0.111111,-1,-0.111111,-0.333333,-0.333333
+1,-0.825427,1,-0.333333,-0.111111,-0.111111,-0.111111,1,-0.333333,-1,-1
+1,-0.807439,-0.111111,-0.333333,0.111111,0.555556,-0.333333,-1,0.555556,1,-1
+1,-0.843352,0.555556,1,1,-1,-0.555556,0.111111,-0.555556,0.777778,-1
+1,-0.824364,0.555556,0.333333,0.555556,-0.111111,1,1,0.333333,-0.777778,-1
+1,-0.909816,0.333333,0.555556,0.333333,0.111111,-0.333333,-0.555556,0.555556,0.555556,-0.333333
